500
0 987 993 6206 6501 7286 9128 4338 3836 165 7691 6509 3543 6635 6270 4728
1 3186 5530 8600 5994 7209 9572 8656 4677 8903 9615 4853 8091 1560 1534 9461 2666 6938
2 2984 1324 7926 6529 9370 2953 938 1901 2183 1123 1227
3 3843 3818 6687 4585 3631 3744 9631 1378 1782 9642 4935 7459 9848 6613 3012
4 4460 5003 4030 205 7504 7479 7375 2314 20 4672 3728 8994 6538
5 5539 3548 2676 8571 5960 9590 2596 9747 7504 9087 622 3703 7699 3521
6 7392 9966 7778 3797 7326 1940 3140 8050 668 4526 457 8664 6843 7874 6613 8644
7 2632 122 6713 1671 1319 166 3228 4990 5754 7795 444 8722
8 5737 4385 2370 41 3571 7260 6391 1423 3396 8598 5469 1157 6824 7699
9 5023 2684 4228 1569 4365 9302 6771 4414 7622 857 251 229 4280 2154 5052 7200 4728 4151 4679 2962
10 5329 3588 3664 942 6592 6249 6425 4027 5439 2363 7158 4514 8498 3285 1934 1752 3936 7713
11 3955 6308 8543 345 2354 7559 2571 555 2972 3872 7180
12 6156 3682 1638 32 4626 9783 8616 6484 9914 2465 706 5703 7296 79 1125 2630
13 6631 2747 9480 5524 4591 1756 651 4275 5754 9997 5980 5198 3177 5033 6528
14 8819 4142 1318 2821 8943 7217 9703 9820 219 4385 7285 7146 2892 4985
15 4677 1210 715 2714 3122 1994 639 8064 7907 8247 4463 5445 3163 3830 4985
16 8185 9488 2294 4373 7992 75 1902 4239 1496 8159 5699 9955 1319 4812 2962 5773 9270 1164 569
17 7171 1864 4431 9211 1330 4854 3181 7479 6436 992 4219 9609 5155 3103 9443
18 5077 2525 7680 5762 5454 2736 3981 8051 4869 4062 1581 3694 511 325 2001 3144 979 4107
19 9592 7348 4429 7368 8194 8878 1836 377 9844 9991 6712 550 6258 3074
20 2158 8992 7567 8310 4908 4109 7003 1377 442 6224 7 4311
21 6530 7372 9280 8111 5798 8344 1952 8678 5233 6321 1513 4388 4180 79 259
22 1628 9082 6075 2796 4183 3541 3348 3764 5952 2256 4696 5467 9443 7219 3074 4314
23 7882 675 8853 397 5838 7012 8952 1810 713 4736 2214 4814 9877 18 1175 352 8816 3006 4660 4400 6547 3163
24 9540 5497 9131 6307 5535 9495 3036 2314 9237 2569 2537 828 3006 4341 7732
25 5787 2587 7739 9263 6639 9627 3995 8260 3951 3409 4071 2139 3982
26 6028 297 7916 7159 2172 7190 7287 3067 5899 139 8294 5917 4356 7713 1299 9013
27 7851 5013 3643 8446 6903 4305 4995 2576 9120 1191 9712 4132 3637 2013 1668
28 7104 1587 3932 5774 1200 1163 896 545 8566 1356 745 3644 6875 9271 6937 6327 9533 412 2240 5848
29 5098 7106 273 9541 5563 7067 7380 7150 1814 5772 427 6547 8491 3012 7883
30 1234 5129 8435 2731 7255 131 8429 2993 2111 1006 8998 912 2121 5748 352 6258
31 8595 4914 9005 8421 6416 3356 3522 8479 7499 5142 9530 5448 3004 8498 1299
32 8577 1636 305 1444 6241 1652 7914 4406 5956 3835 5862 6030
33 9800 3420 2103 1283 2417 1330 2007 1729 2315 1125 9704 9433 4698 1879 1956 8910 569
34 9291 8989 4057 1054 7222 1954 6901 3770 246 8288 3427 2001
35 7503 4148 7880 1582 7205 3562 8684 4263 8499 855 9577 9425 7519 9903
36 9122 8009 8926 9079 7960 8033 3097 7712 5852 650 2555
37 3750 2983 3994 4200 5507 7368 4608 2894 6487 1276 4908 6469 9456 7284 7101 9453 4314 3836 6054
38 2649 8211 8203 2256 3210 1950 7792 4253 2938 6918 7863 7721 1369 7061 4129 1042
39 4906 6164 6113 557 2050 9267 4375 7622 3016 1370 1944 2301 1711 6305 8539 2704 569 6547
40 799 3989 6137 5548 6095 4223 6008 5744 1675 1572 6499 6607 3735 8930 3308 8673 2433 1981
41 2750 2136 6492 1648 8182 6957 3092 1000 2329 3383 4641 5641 6619 8647 374 9265 4679 6827
42 9791 8361 2212 5571 4758 1195 2223 3737 6128 7480 8186 7719 4855
43 4801 7425 1613 281 3548 7965 5021 8133 656 1144 6865 6191 2924 5676 1084 3158 3586 1534
44 3731 3291 3253 3013 1983 2385 6709 7609 2911 8636 4418 9545 1127 5771 9160 8498 199 447 450
45 2003 8193 5362 8252 5375 2961 5875 9173 7469 7329 2585 8359 759 1409 838
46 9388 7778 6640 1310 55 6741 7774 3599 7909 8696 2216 707 6187
47 7742 3041 111 1668 7098 1253 1798 9269 6700 8799 187 8775 1598 139 8711 1125 6537
48 1932 9780 2611 9219 5536 872 5445 4385 5558 3707 3169 4490 2431 9484 4241 6722 6943 4020 2240
49 7811 128 6022 4228 9442 5773 3420 688 6627 5831 4523 3400 497 5138 6778 9461
50 7685 6571 4628 3637 763 7936 9669 2019 152 1558 4327 1963 7968 6923 3720 2773 523 2979 7438 8713 3144
51 4032 6252 8333 9806 8350 3846 9613 5325 582 3043 8908 7956 9129 5442 9968
52 5330 6005 1380 2468 8315 9370 8891 9305 2169 4785 909 8343 2085 9205 7296
53 5974 8882 9829 7566 3652 7970 6396 6119 8878 7745 8547 6635 1774 935 4377
54 6113 4558 983 3054 6298 1081 7926 2454 8741 2087 5923 9595 7933 6588 1200 7476 412 7699 5458
55 7184 7898 8747 3864 4689 5365 9101 2649 5801 1818 6178 4555 4274 7795 3586 8212 5962
56 4671 6112 5895 9813 5263 7047 3607 1055 1932 4060 6690 9473 6067 1625 6258 6538
57 6 4085 6249 2521 3491 2726 9833 1109 8965 9268 4901 7762 1429
58 3570 2438 9661 6572 8550 6609 7455 7409 3509 6709 935
59 6774 6206 6410 1835 1956 4394 5058 8963 9599 9598 858 7762 1774
60 3277 1534 8858 4517 1435 4793 3198 8549 52 859 7316 3405 4343 3377 7413 7883 6827
61 9693 6926 2975 2770 5133 1777 9443 3894 1582 2783 7733 3835 9301 238 2
62 5370 7844 1139 7628 9281 5392 5440 2169 7936 4135 5292 780 7101 6710 7713 6537 4326 1774
63 1056 1577 2644 9978 1945 2997 1645 3469 313 8809 9968 1555 5175 6538 1496 8528 259 6030
64 1776 9461 2901 8732 9627 7949 7543 6208 5620 604 3234 3443 7795 5339 3316 1670 7762
65 4893 5833 3074 9886 1194 7961 1137 3168 9939 2183 9338 1677 2578 8319 311 9094 8904 9968 7709 6020 2437 935
66 3023 4705 4368 935 4889 3530 5154 7141 5710 9689 465 4124 6378 1634 5326 9199
67 2483 590 1880 2040 6222 6069 5472 6254 8623 9040 6568 6924 606 8104 3901 4020 937 5997 3184 443 2345
68 5751 6614 8314 8891 9752 4728 6288 4296 1719 5791 7195 8431 7949
69 5615 1018 3373 1145 8999 1658 8322 6474 3346 2568 709 2537 6547 7077 4967
70 2780 4412 4849 4038 2099 7023 3869 5842 8549 5186 5445 7992 8121 447 2 6044
71 760 6316 5034 6321 5614 4870 6905 662 6875 6385 3657 5192 8241 7090 8387 5869 5783 7864
72 4906 3419 6793 1427 8709 4007 8845 4056 938 1213 1654 7880 3103
73 8547 2282 4164 1780 6766 4905 4796 2319 3260 5393 2602 1276 8684 7795 6635 5826 4901 3012
74 1498 2186 8858 9850 2234 4253 94 9816 9193 3888 8752 2060 2930 2189 8238 3077 6584
75 5933 7497 4308 160 658 4170 352 1710 2960 1448 1150 828 7295 6938 9513 6053 9483 2962
76 1854 1743 4644 2307 569 3287 5207 1490 1603 6817 5117 1134 955 8439 5014 6030
77 8031 1295 2742 9722 2810 8559 6506 7888 4159 8549 229 4077 5566 4418 5401 9731 3964 8491 325 6153
78 5662 8696 3302 340 2230 5103 6899 8286 7305 5499 5000 2898 7728 5462 6672 5869 3113 4531 5307 4035
79 2384 6010 5789 9900 3977 8186 7450 8538 9763 1752 8005 8125 6687 8491
80 3037 3696 8595 2220 4811 5630 1052 4335 3214 782 9098 4027 7790 2209 2846 332 238 5775 5862 9453 1668
81 7921 2643 1852 8431 42 2034 7698 7044 1187 3277 4560 243 964 5440 6137 3043 1670 7204 3074
82 6726 7934 4474 1585 5752 2332 536 2506 7674 3334 5507 4728 2288
83 9525 5158 6203 3371 1841 4085 9035 5509 4087 7419 4718 219 925 2847
84 1783 9038 227 6823 445 8582 8835 4213 1374 208 135
85 7040 9176 9675 1824 2326 3523 6325 2219 3046 3084 1276 7302 2240 6101
86 8469 4690 1651 1626 4395 184 5146 5271 5608 7874 8125
87 5409 9727 7190 3030 2731 1972 8357 4129 1008 400 5443 732 9548 5433 7874 3468 7296 6258
88 3417 3448 3269 611 3563 372 810 5434 8356 7852 4587 7410 7162 8609 8193 7699
89 690 4845 4750 6599 3137 6070 6452 2973 2755 1176 2523 5241 8062 7055 2409 6258
90 2100 7846 7152 6857 9504 7616 1932 5196 2202 2278 8976 1335 4107 5219
91 2414 7938 7367 4835 3585 5904 3170 1639 4974 2301 7532 7892 5785 9976 3885 5862 8812 1668 5064 6613
92 2670 4880 8117 209 6015 6434 6516 7867 6433 9700 2890 7117 7198 8729 7960 7949
93 7181 5798 6300 8275 2457 2653 255 4044 9853 6748 7977 4358 4442 8722 7240 8812
94 8828 1837 9969 2820 8757 2940 7929 8144 6294 3757 8057 1900 917 1904 5677 7949
95 4880 1598 7976 8158 44 1401 2808 6670 9888 3795 4062 3418 6287 7709 9806 8284 4035 3113 7438
96 9922 8675 100 2406 3052 1134 5904 8419 2522 1276 3591 4941 5330 2951 46 7997
97 4432 3398 8035 7539 6078 8059 1022 2961 2668 137 5412
98 5476 9999 3720 5465 5081 2794 7564 655 4480 3128 8469 8227 8282 7806 4340
99 3339 3722 1423 9511 3703 23 9018 2664 843 5110 3445 9661 5389 5437 8387
100 2055 751 8065 6811 7921 9507 9976 1317 3804 9265 6673 1417 132 2165 3665 1939 5869 6258 7652
101 7322 3622 9365 9337 8448 731 6250 7653 3494 7537 9890 6465 489 8022 2340 7026 5043
102 3644 4603 5330 9839 8480 8085 7867 8028 7036 9029 1829 5176 4092 3811 5520 9374 3894
103 2845 8706 9541 5441 8865 9241 7106 1291 9295 7709 8539 5746 1846 1081 2958 5097 9129 7240
104 8864 4810 9047 9895 7489 8516 2320 8579 6043 8976 4744 7899 7833 8726 7219 3144 8134
105 9695 1036 9861 7025 7394 3691 5548 310 1362 6079 9540 447 4527 8794 3541
106 1316 9296 9010 1104 3286 487 3578 4085 6275 6101 5620 271 5122 6477 7088
107 8082 6636 8493 8553 6375 8177 7557 621 5388 4389 1246 3371 1149 2757 3261 3163 652 9848 4985 8406 2128 2666 3074
108 1342 4620 6070 9395 8461 4740 3282 1634 8093 6435 2038 8027 3074 2679 3882 3103
109 7910 240 9033 8771 8907 4963 4851 393 6479 265 7347 5156 6258 3371 4340
110 4823 6803 5875 7577 8805 4800 6427 7145 1731 9830 2270 9176 9400 6672 5397
111 3734 7942 205 4438 9551 2251 6601 8961 1433 2295 4695
112 1852 6694 4645 4828 8273 4969 8979 4662 9192 3704 3241 1290 8046 6192 1353
113 5172 1315 1431 2529 3116 667 2 267 9931 3053 5032 8448 2485 2527 6072 8286 8105 8043
114 3195 4819 3927 7321 8996 1514 1202 1849 3185 4987 6390 6054
115 3701 6281 2254 8359 1956 628 9479 3141 4949 6006 4 325 663 116 7280 1454
116 2619 4085 4506 2138 7173 7865 5271 4812 3441 851 4527 4529 6486 8484 5762 1299 8711 8125
117 2883 9762 3788 882 5726 8310 5871 6864 3319 9496 7899 2623 6280 6739 3789 6802 3703 9607 5437
118 9295 4702 2693 967 4349 3775 2355 2699 7561 4553 8106 4378 1117 6718 5437 8886 802 9032 8580 6258
119 1237 9251 5969 1326 3119 8065 9775 691 765 6383 6365 2472 759
120 165 2787 9267 7314 4217 1800 8983 866 1853 854 5814 5895 9677 7219 5677 1668
121 6039 7489 9757 56 8771 617 9515 3876 3818 1249 2741 8963 1675 5287 8812 5645
122 6678 325 9044 914 2941 1608 7873 1693 1402 6388 6173 9159
123 8033 6116 5983 5387 8520 6381 5838 1894 740 7899 5504 7677 9143 7629 7652 745 4340 3543 8125
124 7689 4753 9214 316 6919 2128 4081 1790 1514 2498 5706 9615 3607 238
125 8182 4340 492 258 3596 3705 4363 197 2100 6129 5672 5655 6967 7151 7153
126 3485 7646 95 1308 3778 6526 8035 8897 7045 2867 7834 2155 5326 2058 8644 6613
127 5007 1907 9041 2348 7691 390 7715 1756 3243 1784 6987 1686 4616 3498 707 7400 8663
128 3928 1570 1027 7383 2683 8558 4671 9959 1536 6438 5113 4857 183 6547 9545
129 392 5465 8010 7283 9919 7001 2826 7644 9656 7304 1343 5715
130 8454 2406 9020 5150 3470 5129 57 3766 767 1222 9773 652 1992 9299 1134 9270
131 1547 4248 9467 6760 1193 3202 2249 9335 3206 9162 8221 9129 3111 7296
132 8850 6180 6792 6343 7778 693 4584 7728 5533 8972 1941 2685 238
133 3798 2416 1182 4003 3326 8410 3498 3692 4660 6948 4484 2967 2929 374 3982
134 2137 2620 5729 36 4493 4798 2811 6047 8671 1907 5103 2037 2064 6785 1405 7709
135 2736 5206 6362 8171 9204 195 7965 558 2925 2586 4348 7971 102 7399 218 9545 3783 6030 1343 8491 2962 2555
136 986 4474 452 8620 1673 8994 5184 5359 8425 8283 9087 5862 9842
137 1865 7281 832 5091 9714 8439 2856 9987 3046 6173 1167 719 2016 7426 7997 3894 8125 2555 7762
138 605 7316 9283 8226 818 4026 6927 9296 2196 6234 7591 2898 3371 3379 5848
139 6890 8648 9844 8734 6354 4454 7909 504 8370 7325 8612 2867 3013 3157 5412 935
140 6718 3164 8452 2076 7274 4815 8920 4073 2932 6558 3716 9595 6226 8470 3982 6613
141 6233 5079 5685 2598 4783 176 7172 1788 1973 2124 5945 718 9330 6534
142 184 176 7190 6188 8571 2174 7210 8782 4941 2144 386 676 7419 8462 2708 4558 9071 8125 1299 4606 8495 3163
143 5003 1008 8578 7316 2872 6163 9654 3415 3161 8180 1179 6264 9796 5494 8104 8994
144 2715 8235 2582 8103 9769 9975 5283 4454 4815 5246 4345 4337 2707 5307 9968 7883
145 5887 1799 2395 9021 2203 7697 5106 5282 1206 9650 3713 2483 6916 246 3602
146 5185 3573 7215 579 7002 4168 8442 1557 2794 6628 7696 4166 9931 5880 79 6258
147 4186 4625 3209 7295 7289 616 7605 9937 428 7284 7736 843 1534
148 8596 2168 4448 8951 1256 251 4702 3293 2847 7232 4942 4626 3144 3757
149 566 9464 1242 8885 1388 2591 8595 4901 518 2338 7639 9495 1694 1041 9615 3163 5710
150 3269 1418 9127 1391 3273 8195 8181 368 3185 7329 2023 4780 8958
151 1712 823 8337 9899 9090 4445 1315 3200 4961 7956 1668
152 2928 3855 7587 8203 6019 5872 9632 496 5796 3909 7855 2349 8387 4735 308 5543 3232
153 5557 1557 6554 3254 5732 4168 7588 764 1156 2318 7789 5051 9635 767 1101 2335 5260 9453 2875 46 2 745 8994
154 7421 354 9587 4050 1687 8272 9016 9887 7433 4780 4941 6460 4129
155 2135 1053 1985 6101 4356 607 6680 3110 7338 1752 5260 1474 7695 769 9160 3936 6054
156 9610 2798 7924 1041 7934 6835 8651 4924 7234 206 1802 2103 9005 730 9496
157 4113 8064 4601 3481 3229 1070 72 5628 7419 5520 8242 4416 817 3981 977 5043 3232 6672 8125 7413 8716 3885 1299 5437
158 6970 6777 9904 2812 4905 2211 7896 7210 5269 5479 8971 4430 1953 9336 5882 1387 4060 9533 2986 8812 4352
159 7564 617 6622 5842 3350 2208 2075 5456 9834 3528 6797 9036 5831 8904 7641 6221 9496 6584
160 7896 7012 7412 2911 7816 7777 9093 7194 654 7783 4330 5322 6054 5677 1105 9842 8994 2340 2240
161 3873 9887 8079 6156 3887 418 3265 8586 3445 980 6020 979
162 984 7192 3022 240 893 5914 551 4158 928 881 8272 9758 1956 3363 9842
163 4851 9060 2821 9772 7185 8453 1711 6813 9717 1279 1968 7713
164 5113 6573 3504 3184 6812 4316 5515 7589 4224 725 7076 768 2322 9199
165 3787 2526 1204 4772 4869 7887 1046 7129 5996 227 3885 5677 1328 4558 3877
166 2559 6768 8718 1384 1697 7333 5251 4539 8139 9948 3902 1204 1272 4801 2619 1167 9086 7575 8644
167 2602 2567 7286 1101 3027 8515 7221 877 8267 8481 8599 753 8069 7240 2643
168 5123 7595 562 1933 488 5378 7199 3251 3558 4457 5871 3195 7939 5849 420 9230 450 5340
169 2640 6783 9192 9335 9710 4070 8183 642 4502 9153 6953 7302 7482 1922 8037 6938 2288
170 1734 9872 1988 3453 4113 6559 9466 2843 1861 773 5887 6067 3316 6470
171 7986 8546 4492 8224 5179 733 1835 7024 9630 6924 9398 560 1932 7513 9374 8130 6687 3261 9615 5412
172 4908 1697 1716 1658 6658 7651 5286 2631 2019 2535 3552 9337 2340 8618 8994 3012 5715
173 2481 7036 5836 975 5916 8738 8189 8447 3300 4838 8862 1328 2598 4356 9834
174 1670 7223 7261 1151 9576 7537 5953 7859 7 9919 910 5198 8742 6037
175 9311 5362 2187 5371 3380 6909 7835 9487 227 3766 7015 2700 2640 2143 3064
176 2882 9686 9104 2630 5321 2386 2451 3612 951 8093 9392 130 3610 2640 7880
177 4808 9968 1556 4256 6858 584 3846 1910 3118 446 2857 4728 3125 4199 1429 3753 3982
178 3650 4060 9712 4345 9623 402 2406 6548 7567 3196 7274 1769 8176 9086
179 9595 7584 2291 6790 7567 4253 4699 9297 4537 7203 3214 2322 4679 979 1429 6428 2847
180 4988 6007 2747 4642 5153 310 6732 8012 8167 4704 4627 8445 2054 8116 3371 5857 4517 7880 7732 2480 4314 7652 3877
181 4336 3836 2472 6961 1134 9361 8573 8272 6914 4977 7689 7930 2202 2668 4612 569 1058 6061
182 5386 5990 4289 3812 5022 4065 7623 1012 3239 6035 1788 9775 5219 4884 7864 9930 5412
183 9703 9431 4777 6216 421 6084 7168 4290 883 2359 5951 3873 6404 6280 2346 6675 1105 5762
184 8045 295 8452 5259 2274 789 8547 2024 7662 2326 3362 3965 978 5451 7699
185 2091 3813 5016 6946 5109 1728 3744 8608 1315 8145 1721 8511 7960 991 7057 776 1125
186 3005 3794 8890 4984 9550 2804 113 2472 3329 6323 3374 7759 5412 2555 8068 3111 3982 4326
187 3114 9653 5820 220 6701 2676 3874 4448 244 8620 9493 1384 8918 3586 6778 3236 4020
188 7723 6491 9238 1837 7851 1180 4060 2327 6784 5589 694 6770 6420 3304 1195 1546 6920 8125 2114
189 8002 2677 9640 8383 5626 199 1722 4905 2325 6240 8587 8374 2589 7099 9979 7652 7852 6938
190 9449 5344 2835 1774 4923 116 3657 3362 7295 3985 3241 7230 6667 8790 137 867 4494 2962 6613
191 4157 2557 1999 666 7057 4061 2846 3019 5576 7875 2892 9829 8671 221
192 4886 62 8008 2549 6932 5988 6856 114 9270 6156 8271 79 8193
193 372 4703 390 3506 6624 8475 1212 8981 6304 2752 5777 304 250 1246 1343
194 7773 58 2348 3684 2401 6881 6119 3420 4552 719 3613 9663 9804 9244 5762
195 210 8930 4025 7802 2230 6309 5503 5383 5474 1507 2398 4438 8363 7856 4170 7874 6537 9533 7699 8406
196 9779 8367 1810 7961 3760 3355 5419 9581 749 8532 9275 7716 9615 7699
197 2811 6927 1846 4641 9955 8068 6766 8603 797 3434 5728 7127 3458 9139 5583 283 4385 2867 7413 7296 3103 2288
198 5336 7261 871 777 9555 101 40 1938 4008 3142 2060 7736 3234 732
199 874 5805 7650 2443 4153 8924 8137 9021 8397 8392
200 5288 848 5217 3298 5266 2526 4450 7797 8103 4472 7098 6313 7694 3885 5715 7153 6101
201 6245 1187 9442 7660 2154 8904 8060 9826 484 3653 8630 90 2 9461
202 6525 5418 821 213 2637 1352 4519 131 7416 6797 8919 1961 6458
203 9129 2214 1426 1152 236 6676 9916 8119 8815 8533 8462 2378 822 865 4679 7762
204 9324 1003 4152 7455 7684 1284 1757 2300 8282 7474 4280 6519 5834 834 3561 1557 6134 4020 4326
205 7804 3567 2085 5923 4363 9072 6676 8483 7195 3711 7525 4326 3268
206 7997 9648 210 4486 7082 1882 9945 1906 627 5642 7932 6153 8130 3528 7296 7652
207 707 6725 8107 3872 2890 1029 1559 6982 4165 5779 7914 9820 5762 8431
208 8981 7907 4559 9514 235 9891 8143 9859 7657 751 6020 3830 6101
209 5589 6221 453 105 1028 4257 7561 3296 3507 8022 1033 2398 3441 7699
210 4361 8039 99 3026 9948 1643 8513 5474 2463 6949 9270 6321 6584
211 4402 4771 8673 9422 1088 5545 5182 452 5085 6505 6983 5795 5053 7179 9848
212 8819 5329 7293 7596 5861 8116 2431 2237 313 1753 7791 3112 9448 116 5993 7545 3032 4326 1668 2437
213 588 1589 5519 6759 9130 8741 9161 7276 8232 4835 8748 5349 1535 5504 2032 8431 6537 6049 3023
214 1011 5246 3582 4722 8759 1710 8704 8818 901 5950 4342 4362 4528 2327 9930 79 7438
215 3599 4285 519 7448 9749 1279 9902 8400 7449 6959 295 1595 3343 1763 3106 7652 3012
216 2663 8816 4566 6890 9200 7998 2972 7150 8546 9025 2537 9770 2554 6888 9139 6534 1560 5412 6938
217 2265 2442 8720 4773 9707 4775 4490 5016 6130 6281 3755 7968 7153
218 1127 8853 3888 5054 198 8712 4601 639 440 6534 4384 9453 9931 935 7709 3758
219 5801 6649 9044 9115 5250 1968 8772 5652 9689 9358 5131 6343 7219 8812 8994 8832
220 9925 1615 9341 5937 9031 882 2113 5404 1507 5120 7216 6447 5704 3463 1524 1763
221 3711 6071 6709 3722 8371 305 8019 9926 2434 7647 7332 2299 1642 4728 3074 321
222 7998 9566 9522 9734 300 5461 5914 6416 3414 5146 8136 7033 3133 1139 3757 2057 2773
223 4683 7753 3228 763 1831 6853 7550 5549 152 2447 9545 8908 4855
224 221 4457 616 6156 1443 7966 6386 8179 2515 6720 3000 8078 476 952 2322
225 6792 9007 9583 4510 4300 8711 9903 7268 2646 7612 1597 7526 9141 3552 4627 8539 3982
226 2078 965 8114 3653 5983 2055 8545 9843 169 6536 1987 5092 7153 6281 979
227 1499 4582 5831 2719 3051 5550 1560 6467 5282 9494 5470 1621 4988 450
228 7255 1727 2712 3221 4039 7949 161 2863 1680 6468 8384 4923 3561 5219 7413 7880
229 6123 1585 2906 5896 8804 8895 5481 2617 4082 5 8763 3432 1186 6978 6472
230 7097 4225 2200 273 8867 5182 7624 6410 8996 2889 6280 1739 4531 8431 2407 1343
231 2164 4055 1690 2689 6262 1209 7909 6224 808 5224 1799 9616 4 3723 5038 6778 7240 3830
232 2016 1721 6877 7609 7654 9293 6379 5113 4683 9462 8022 2321 5726 2177 9989 6470 4035
233 948 9750 3629 140 3406 505 2151 8778 2089 8373 8700 7634 2 3752
234 3828 2195 7525 2166 3389 325 8707 6378 4110 7183 3902 5219 8812 205 321
235 209 5645 3796 5983 6265 2883 383 1004 753 7373 9517 5762 4709 2668 8644 79
236 3101 6586 9188 6806 5431 3489 8210 6707 816 9092 8234 5185 7874
237 6550 6351 4629 1111 2481 6009 3208 3069 5825 2620 6116 175 4350 2158 4314
238 4292 1171 6814 9300 4444 1371 3594 5749 9757 9023 412 5748
239 7883 5634 1324 644 6048 6670 8545 8188 3951 4327 442 76 6945 6306
240 7004 6685 962 9475 1107 521 4584 4001 6839 712 4341 3803 590 9669 7
241 6289 8351 6051 888 4814 9381 7144 555 3462 3795 3817 6584 3012
242 3496 7484 5381 147 7915 1511 1665 6901 6681 2996 4820 7806 5869 4326 979 9731 7699 935
243 8525 9657 7542 720 8059 5155 6778 1610 2364 5556 4656 4494 5053
244 3960 9547 5382 8861 8025 7707 1773 8887 1582 4234 6362 1542 7120
245 2016 8021 1271 4982 4379 4043 6767 699 6687 9529 9395 3705 1648 2764 2277 583 8343 7012
246 5385 6486 2583 7489 9963 5070 47 4565 397 1534 1935 1028 9885 4369 7751 9463 3543 2892
247 7655 7688 1000 6975 692 5703 9292 6005 234 2074 5295 2156 133 4034 7766 1577 1763 3468
248 7028 7371 9827 4400 904 2017 3193 9733 5070 8939 2091 8756 9444 9903 8832 8125
249 303 8584 573 5579 2671 9459 5571 5997 9852 4765 5783
250 9457 3749 8560 7876 3270 7637 9920 8781 2364 4199 9931
251 2766 9282 8109 7259 1432 3377 6316 8694 6923 4961 1020 2820 155 7949 7044 2121 2128 5437
252 5031 8135 2614 2331 3302 3094 9646 671 2105 7300 8058 6011 2264 6986 6938 9545
253 9716 1008 1486 8038 8233 3338 4535 452 2231 6370 7880 6737 5880 4801 4728
254 6800 8183 6716 4789 8853 7562 7707 3749 2741 7651 5381 9398 6404 5307
255 2516 7625 242 1 3306 9468 8976 6271 4985 120 1348 3982 4962 1774
256 7520 9967 6074 3720 4899 4564 5142 7673 5347 116 1107 8617 6141 7762 8431
257 7532 4038 9070 4963 7009 1375 9236 2258 6527 7459 6554 9993 1383 9615
258 8578 2407 7318 5537 2961 6710 9953 2361 7791 9323 9797 3792 5137 7736 9917 1287 1546 9968 1252 7709 668 2327 2240 9842
259 2548 9903 8462 3540 1217 2571 9445 9360 1842 7714 8524 1668
260 3840 1326 3571 7770 7558 1248 6813 7865 4034 7525 5391 1426 5156 2962
261 3657 8120 7638 9359 6726 112 5878 443 1386 226 1923 7575 8830
262 6710 2767 5200 2290 9903 4405 5304 5743 3260 21 5247 8601 3202 2150 9968 847 8387
263 4674 4343 9408 17 6525 1967 8965 5898 9025 6776 692 8043 6462 6584 9677 2136
264 2256 2342 3022 2878 1168 7441 1306 8603 839 2754 5755 813 475 4286 2480 2986
265 7288 6705 3947 100 6565 4039 4504 7817 4655 8941 5019 3331 1524 9139
266 7115 9981 4976 1691 6538 2911 8619 1128 4086 9348 8005 2771 3144 2897 4400
267 7946 4499 1251 1801 7535 4485 5312 5584 7072 8312
268 7371 7 2209 4162 5026 5500 2222 5098 3468 4546 3494 590 2761 8700 8664 6075 9094 6360 1343
269 8881 9327 2947 1639 5229 657 3225 7890 1070 6832 7285 9007 9930 7000 4728 7883
270 6235 5332 2574 9940 1899 3236 2873 8233 8739 6413 7874 1732 4858 1265 7438
271 6749 9979 5139 9834 985 5119 5356 1627 9292 5557 4813 6136 849 9409 3753 6692 5917
272 8676 5025 5455 992 7682 8517 6615 8179 8874 5352 7456 1566 9412 7321 2704 5043 883 7883
273 8477 1569 3557 3993 2664 9047 576 9593 3965 1788 8966 2811 2939 76 8671
274 5049 2776 6062 6688 3573 4655 6759 3427 3592 3047 7147 7975 7864 9114 4286 5401 420 1134
275 1251 5786 8393 1205 5429 485 189 799 9422 2115 6643 6283 9453 7055 2643
276 3765 6096 3043 4040 7615 6642 1769 6868 1416 4939 7681 9947 427 7545 9968 79
277 1044 6959 9576 7114 165 2130 6042 3201 2852 9539 1145 2892 5060 7050
278 7348 2519 8184 8002 6826 9239 3908 2636 5397 7699
279 2887 362 1244 9056 3359 4818 1013 7329 8800 1471 8456 4352 84 3326 6534 6296 6054 8183 6030 3877 3103
280 3041 7261 9460 6729 4935 8918 7849 2368 6773 1541 7833 2352 4316 7075 7240 3371
281 9559 5700 2104 5467 1779 6196 5588 8081 2076 9681 2399 4399 3670 4112 1710 7604 8423 5105 2986 9758 9230 2414 9129
282 6342 1050 7454 3928 2687 6153 7156 1240 1515 7617 290 4469 425 6842 7883 9545 4020
283 3148 2559 6830 7149 4139 7122 8879 160 5755 3047 8069 6029 9270 5248
284 5473 4741 651 1015 837 904 7473 1044 4706 1992 6075 7198 6984 6946 7429 9004 2962
285 3746 7284 3628 1032 5390 5294 9451 1304 1235 5170 3982 1112 8487
286 6896 4157 7096 4023 9582 5898 1713 9878 2128 8728 2593 5626 7802 9215 1937 8495
287 6485 8904 7105 4241 1609 5212 3231 6843 5068 1057 6306 8876 117 2610 1494 3043 4664 7029 4151 3656 3541 9197 6538 6827
288 9869 1666 9695 1144 5070 3377 5103 686 5046 810 7301
289 2291 7645 6768 8280 9192 7270 9827 3521 7688 5942 6598 1395 2648 5458 2264
290 3280 3648 6394 9508 3476 2043 9651 257 820 55 5106 782 8406
291 8380 6827 4154 6859 3066 1800 2951 7565 8386 3214 5703 5014 3301 9290 3785 7007 7895 4414
292 8696 1852 8017 1180 2137 7422 4743 9890 4938 649 6347 1988 6089 7001 5192 2962 4020
293 3720 345 9102 1341 1237 4177 3536 1476 8249 3222 9900 2671
294 7381 7597 6001 4045 1841 1832 8881 411 6106 9562 3655 6187 9227 8224 9185 9968 8910 5880 5715
295 3172 1190 9057 51 9673 2100 6941 9281 5536 4877 1487 7553 5448 8673 4633 5451 7606 2414 3982
296 1230 1778 9921 5327 9131 667 3128 1620 545 9391 9720 5339 3178 3783 1942 447 8030 8396 412
297 3355 3972 1320 8357 1981 4583 9895 8595 1696 7278 8915 2696 1139 6153
298 7459 7946 5308 1089 7846 8480 4217 1438 4742 6972 1479 9013 1066 3792 7193
299 5266 5919 4654 6285 3269 7079 6253 7786 8132 3051 7788 4319 2853 155 7759 732
300 5284 5790 4743 4197 8704 5776 7909 8051 3268 2390 4134 2407 2121 1534 2790 2662 6187 7438
301 4212 6981 7277 4469 3350 2788 8722 9303 4094 7633 3243 2925 1882 761 647 4234
302 7856 3784 1948 1206 8773 8320 493 3414 6113 9457 6419 9760 6289
303 6999 191 6739 4502 5592 2923 8361 1182 5558 8548 8783 2366 6298 3751 5752 2666
304 427 1376 8376 4135 3792 6210 7113 4717 9459 8340 6339 3238 4647 4901 8994 5715 4326
305 8057 5795 3963 3196 9032 3473 3530 6436 7177 712 7723 157 3345 7586 7997 7880 3376
306 9507 6347 3260 7026 8767 43 651 3483 6157 3641 6896 5715 2962
307 2639 6270 591 7255 3319 7282 9779 5205 4429 3530 3073 985 8345 5867 3079 4985 1375 7438 7949
308 1330 5593 8577 7610 2854 1128 4885 8380 4028 5850 6176 3103 9848
309 9503 2079 704 662 9569 7604 7149 3694 3700 2278 1799 134 4564 8614 4317 139
310 917 7376 8552 3209 6734 1849 3048 9970 3888 8990 4628 8966 1014 5126 3533 6029 1429 3144 7949
311 1249 8766 2563 6198 197 1195 6807 8384 4081 3834 9323 3848 9713 9683 9075
312 6918 5164 889 5972 23 9676 4275 7559 1201 9295 5386 2533 2
313 8989 1588 6218 3447 494 5586 7754 6466 9530 2565 8014 4704 8492 3528 5023 6258 1238 2685
314 2564 9719 8523 1892 7554 9957 5738 9858 3338 3193 7055 747 8147 208 1749 84 9842 6054
315 2572 4225 5016 9311 598 5489 2065 9549 7870 1009 5909 9075 6101 7153
316 5553 9223 8489 6712 1025 5616 9707 9062 6589 9620 5757 7586
317 4485 5817 9420 3195 9426 6318 3616 9216 2570 7797 3582 7261 6140 1353 1981 7438 4728 8671 7902 9968
318 5769 7115 371 706 5204 2475 7302 8559 663 5482 658 9299 7240 3758
319 5736 9011 3927 5457 6801 7859 8661 2854 308 49 6712
320 1401 301 4986 5988 8403 7163 7923 6590 1291 3512 8116 6454 2422 1524 4664 7179
321 8808 9665 8994 1306 5005 769 7695 9273 652 2003 1113 1546 1268 9194 6417 3498 321 3584
322 6869 3178 9837 9266 1240 6345 97 5944 7177 5606 2454 2274 9215 9545 935
323 7863 1093 245 9177 3869 3522 4215 8114 6914 1946 8396 6230 2555 8618 5880 447 8125 9545
324 5849 4860 6483 8031 7971 8904 8357 3251 2648 5299 8384 7705 9795 4884 9351 412 4958 3144 7759
325 6814 7569 8353 1407 3580 8239 8526 3326 5905 1355 722 5359 2000 1651 3827 6611 7438 4107 7949 5445 4020
326 1471 4171 5218 3034 9021 101 2461 2063 6018 9620 1781 6298 5762
327 7990 4026 8763 4713 7276 8406 2737 8530 7193 7244 5093 4355 3731 8387
328 8870 3948 2165 4820 6453 4032 3407 4712 4389 8385 8771 6744 3226 32 3297 5715 2288 8125 420
329 2159 679 6441 6667 3172 8842 320 8762 2584 6650 5250 3268 1625 4352
330 9488 8465 3388 6840 8172 9243 2785 7915 193 5348 7162 8257 5437 2240 2892 7085 6141 1353 935
331 2145 2961 2604 8738 3803 3219 7373 2130 2582 8549 1441 2768 5509 8150 7120 6584 7296
332 5999 4653 8464 4215 8128 4286 3085 9650 5982 3188 9842 9615
333 2012 8528 1033 485 3678 6556 3297 5727 8837 3908 6144 8428 4481
334 8604 5266 4924 3991 4433 7606 1104 6166 5680 6546 2269 3611 6028 5898 583 4112 847 838 2155
335 4550 6580 4000 9225 2412 1441 1644 5351 4027 8480 4809 8531 2198 4636 647 4020 412
336 3411 6974 4507 9239 1146 534 2881 6037 8026 4441 84 7699
337 9809 2371 3620 2782 3687 6849 6894 9570 5615 1530 4803 141 2962 7517 4107
338 7590 6260 3880 1400 3533 7973 1775 5965 592 9477 1404 949 7367 1123 6281 7240 9903
339 4124 815 8877 8294 5019 8394 6600 5050 6255 6626 2858 462 250 3521 105 2962
340 7028 9850 5937 209 4542 6869 4326 6799 9775 1312 7788 1157 9086 8696 8387 5412 6296
341 7223 7296 2486 3886 2372 4128 3722 3385 4761 3635 1745 7285 935
342 9695 6794 985 5302 1075 4830 679 2365 7217 2422 1657 6827 2790
343 1394 6320 3750 839 7902 3628 5195 4606 1903 8987 9552 6323 1931 4173 3345 6613 1287 3964 3543
344 4179 8176 8083 5244 7530 5603 5382 3999 531 761 9692 4709 9043 3163 4326
345 8651 1499 9139 3959 931 4503 5972 8471 7538 6715 7179 5915 7329 8140 3936
346 8894 1687 5335 7772 1978 338 4024 8413 4745 7571 3674 8453 7949
347 3277 6238 4570 176 230 9892 3987 8532 3572 4153 188 449 443 6014 2555
348 3208 2583 9790 4738 5165 3945 9523 2534 6787 1171 1871 2146 7296 7355 813
349 6812 8265 8685 1541 8810 9710 2008 457 8786 1857 3460 2317 8230 707 8487
350 9099 7557 7991 9724 5174 521 6883 1179 6224 5344 4027 5762 9848
351 8654 6974 3575 2746 6299 7156 3837 1759 2146 7668 113 8776 8209 5748
352 4640 8734 4426 2550 3542 2106 9625 3819 7607 19 4886 2022 6015 1868 6258 4035
353 5933 9169 7074 3755 1079 2200 5007 4282 7678 187 2248 558 2698 8836 7474 6170 3728
354 8854 7636 7167 5044 6561 5337 9916 7124 6242 6684 5912 6115 4958 79 4985 4079 4176
355 1496 7652 4048 5606 7559 650 6821 1090 6352 4277 8349 2071 6887 7285 3074 1774
356 2841 6173 9285 740 1570 2417 9244 6028 9348 3013 6162 5099 9336 2846 9505 475 1924 1276 7162 1289 1950 3395 7762 3032 7997
357 8737 2175 8405 9089 9927 3992 8720 209 2838 4031 8874 847 5913 2962 9107 3982
358 3 946 6525 8168 4642 2109 1801 8247 8733 4731 2929 6033 646 6541 3997 5383 6687 7762
359 8459 5579 5874 2800 8480 6371 7085 7485 1541 9290 700 5737 6487 6020
360 5257 8985 8208 1628 9462 3266 4380 3099 7883 681 5921 4551 132 527 3870 2732 7151 8125 3543 3144 4314 3885
361 1712 9372 6437 8014 9151 1067 4125 757 9728 7915 7439 34 4091 979 8671
362 1095 5925 7118 5792 3436 9644 4708 2971 9459 2345 6802
363 1488 6196 7798 2251 8363 1400 5990 6339 7093 7606 603 6021 1601 6630 9107 3830 6938
364 830 6140 491 6655 2599 4267 2514 5345 9254 1299 9191 2203 8293 2856 238 9968 8134
365 3163 2968 1599 720 2139 3658 6510 4163 9276 3379 9406 5214 5437 6984 3395 3703 4311
366 9161 7758 5454 6787 3332 7275 8269 9683 1217 7941 9377 6404 569 2288
367 8550 6990 4993 5811 9666 796 2128 6040 8012 9191 1637 9217 112 3752 3186 3836 9013 8042 7413 9129 2437
368 3189 678 6043 3851 6121 6374 3231 7340 8540 1667 1323 7883 6470 7949
369 1521 7919 3261 9734 7080 2564 1449 6379 8685 9413 5141 7340 7057 9279 6913 4624 5748 3830 745 8293
370 2828 695 2480 9429 314 4293 9089 3516 9129 9226 1718 3709 5416 5752 3758 6778 2 238
371 4825 5120 3521 9992 7105 2946 1594 9140 9551 2298 1924 2475 8664 1904 2630 5141
372 2663 1578 2322 3393 5135 4738 775 3183 3299 6055 4985 3584 2774 979 9533
373 446 9299 6230 3550 2602 1003 3816 6370 5903 474 2740 2856 539 7126 7266 838 4314 7699
374 4379 8081 2197 1523 5292 2992 8424 4444 4230 5055 4545 1601 8156 7393 7782 2321 5880 4326
375 7507 1324 6437 3525 3760 7362 8911 6492 4364 4577 4998 1932 4414 8484
376 7470 551 2189 7339 3425 5610 5184 7772 900 8702 926 1156 5457 6190 3053 5307 3379 6672
377 4526 8312 6561 9908 7988 5534 5931 8629 2968 271 2231 5047 1868 8307 625
378 5055 4230 6707 9124 4924 2110 1538 757 2496 1052 5284 4308 3886 188 5445
379 4365 4472 4428 260 3827 4044 2865 8986 2876 4259 5232 6084 7835 6245 8193
380 7897 2217 496 4979 8280 2150 9498 3629 1187 151 9630 935 4036 8580 951
381 3236 7209 835 8308 390 8607 837 839 5059 4476 3360 3103 259 3077
382 1685 1499 4368 5979 7746 2384 1710 8612 1791 3842 1084 690 1336 491 3259 9945 2791 2117 6421 7652
383 6146 7631 9982 1681 1142 4448 2265 2342 9267 4593 2655 6445 1343 1125
384 7328 9932 6621 8899 8161 8376 429 4231 2679 9627 9039 8572 7845 3163
385 7762 5186 7984 4105 6648 1885 9172 3572 3764 863 4842 1862 5929 46 105 3665 8293 6537 7413
386 2379 3150 8563 1175 4086 3465 2210 3581 2078 8634 2571 8830 311 7481
387 8396 586 8465 8884 5588 647 1506 862 6602 1197 5661 678 4167 1413 4367 6538 3830 7759 5412 2962
388 5258 5693 2842 6523 7821 2160 8540 3836 9619 5120 7463 6531 9778 5891 7474 3061 2422 6130 5788 5003 2240
389 3675 3673 4075 94 9796 8969 2512 4544 5101 6589 8872 4074 2711 935
390 4763 8859 2942 5955 5589 9372 9976 8308 6595 7405 3495 8832 8874 3863 1160 6986 4352 6216
391 9063 4871 3705 5674 1644 9752 8460 7892 976 6592 3050 1891 7226 5500 6652 7736 7038 2240 5507
392 129 1632 3461 8499 4905 8796 797 7728 3169 9239 6189 7285
393 8921 6315 9102 1423 8494 5816 202 2719 793 195 8939 6258 3521 3144 200
394 4538 8675 5032 1634 8835 2584 3621 3715 9160 2288
395 9823 4251 5774 613 9440 2257 6697 6496 4924 7896 9803 61 6011
396 5972 2894 3682 6400 5679 4709 4579 5540 6850 8109 7939 3664 6503 9377 9994 5270 1668
397 1800 5426 689 7043 1352 5768 7472 3171 2587 7122 6734 551 6511 5788
398 3947 2767 5552 6700 1603 5554 4993 9208 4716 2608 3837 3752 148 6613
399 9959 1402 1641 6260 2260 7007 1866 1693 3890 3019 2462 7971 5721 731 4760
400 3527 9294 2636 3167 5743 3422 7585 4704 5431 3113 9343 3377 5887 8193 511 5869
401 3380 4750 1097 2614 9794 5650 3810 8987 1710 5432 7845 6257 6052 9271 4133 374 9545
402 8469 9742 6431 2368 149 5317 4869 3895 4434 5628 7517 2692 3533 4027 7845 5307 6482
403 3837 8257 262 252 9471 8944 6298 7968 9855 3547 3382 9463 307 3413 3052 3783 8022
404 7292 7825 1587 3274 735 5369 8442 6916 6213 4713 6360 4340
405 2860 413 8499 5737 6498 2506 6867 1794 8627 1521 5441 9692 3099 4143 8495 2158 9075
406 3968 7775 2224 5572 806 9802 2294 6354 1585 3289 4586 1931 2679 2650 221 395 1625 2288 9968 8994
407 1428 7656 473 231 9065 2569 6218 3923 1897 7009 1163 6338 4385 3814 3093 8134 5412
408 8701 8472 7220 742 344 9285 8337 7881 5218 757 2158 5961 5948 9885 676 9968 1343
409 8576 9194 7595 1446 3365 7302 7516 9051 4390 1968 3675
410 1051 8974 5937 2515 4135 7656 133 13 9306 8818 8259 2288 7575 2962
411 5574 757 6056 65 937 8479 4344 7149 9274 4087 1247 8223 6258 6020
412 8675 1048 8306 5366 1757 9210 3553 8872 865 5929 6139 304 3098 5359 4199 7699
413 4365 2566 5663 3766 4409 1485 8429 2078 9601 6042 6226 3705 5928 4402 3936 2537 2555
414 8546 2888 6683 7302 4304 3805 9959 8763 6038 5330 7744 5543 9374 9655 8711 6196 412 4341 2013 5880 9533
415 888 3040 5473 6434 9362 492 5029 8600 9493 3170 4316 1337 9395 7771 5322
416 6719 3224 6351 1115 78 6470 9126 9727 498 1668 1670 8256 9040 8794 7413 8125
417 9883 2065 150 2522 6877 6257 4859 5953 7665 9776 8445 8908 3111 4439 8844
418 8111 6213 7841 7981 5329 113 3410 1978 4024 2571 4576 949 1367 7285 1668 5715
419 9228 8427 1031 1032 5678 7332 8338 7292 8691 1364 8413 3905 4823 4801 105 2240 8462 259 9968 1534 9244 9545
420 6348 9230 1626 9559 773 8156 4616 5692 6308 4554 2774 2834 3798 6101 200 5307 7153 3077
421 47 3924 3398 2065 9858 3939 2372 5875 4939 9691 7049 6021 7266
422 2917 874 1988 6803 125 9399 2685 6646 4928 9526 4397 8408 8233 4531 1289
423 1796 2995 3318 133 9170 5241 3566 9796 1521 8722 4908 3121 8598 6102 6889 4027 2013 412 4326
424 5424 6183 3219 4814 7726 2023 2507 1691 8900 7956 8027
425 6722 7573 4282 5167 4457 580 2412 4853 7498 1424 9159 4338 5744 9178 7234 1710 935
426 4866 4849 8289 1898 2238 8481 8957 5375 6035 2208 9132 5993 952 8495 5726 3032
427 3684 6499 8533 6669 4115 1382 8570 1022 2003 8069 5606 5950 5961 3272 9816 133 5748 1984
428 6851 5362 1309 1723 3264 3375 8029 9606 292 1530 3111 7833 3012 6214 2327
429 5895 7871 7141 932 3150 1301 9306 5732 4825 35 6621 1707 9499 8958 8644 7652 6613
430 1617 8169 2123 1179 4424 6286 7132 4486 3057 5207 2792 3877 2256 6737 6545 3982
431 6856 8168 6935 8146 7288 3648 3453 4264 6999 5420 2504 4741 5553 9073 5768 2155 1668 7709
432 3753 1773 823 6522 180 5252 1513 2879 1712 9480 273 5962
433 7299 6693 8838 586 5038 1758 3618 3109 1165 5141 8435 8794 8156 3004 2346 1454 7133
434 1548 4586 4930 2605 8841 6804 9897 8813 2368 8485 8530 2526 5003 3533 8345 3379
435 6000 409 4816 1826 8526 1724 5502 8459 3936 4873 7849 3188 6899 7288 8934 951 4176
436 4973 8597 3355 4389 2215 9306 1694 37 1125 4786 688 1093 4886 8488 6699 9637 6671 7162 7709 321 9545
437 8503 1476 8939 7026 1139 346 6654 8973 9108 8150 5122 9440 255 9460 4379 478 7839 6844 1354 3006
438 7133 651 3061 4256 8606 2568 7990 8736 9841 3909 5434 3463 9394 7219 1117 3528 4326
439 7373 7872 9853 4647 7882 40 279 2464 8552 1627 4208 1773 7697 4414 7992 7053 447
440 4610 1707 3813 597 5115 7080 5722 1307 5988 7144 8193 3830 8994 5715
441 428 5614 1161 8185 4518 6302 329 7755 8896 713 2699 3247 8312 9008 6082 9453
442 1935 1903 8170 4285 5293 9168 1509 7540 7623 9731 977 524 2537 6074 7985 650 8130 6584 8994 6938 2340
443 5251 528 4043 6036 6143 5180 6436 7608 5268 8413 4395 247 7549 9842 9013 3379 8794 4340
444 5698 8264 7015 3481 7903 243 2094 9717 6313 9901 6084 7907 8609 4354 1668
445 5162 5421 3563 6358 1685 6071 1525 9241 9504 656 336 7635 8508 8062 8711
446 6821 979 477 8527 7633 5220 1260 1047 9692 9074 8366 7989 9138 3528 9884 4326 9013
447 8271 5093 1929 5679 9012 5031 4507 5115 3650 4099 5408 5772 8142 6082 7762
448 9964 3916 2676 1920 1901 6547 9213 7382 9623 8359 7863 4525 6478 6236 551 5502 3051 2232 1123 1454 3758 3936
449 537 7577 8669 8017 6184 7740 3418 3879 5605 4228 1269 5732 2662 1429 4855
450 9491 6889 8175 908 2707 6105 8823 8801 5995 1918 7808 3695 9842 3147 397 1984
451 5722 9249 6346 1176 5506 382 9380 7005 6321 4355 9046 6808 438 5887 9007 8130 2240
452 3518 6780 4226 7066 4243 1226 4290 9253 1677 5666 7396 6467 8883
453 2874 3500 4533 5772 624 868 8267 2435 9395 96 8972 5713 2128
454 2385 4535 259 7816 5540 7893 5024 8572 2155 8387 5779 8078 2877 7179 3543 8134 2986 8491 3074
455 7986 6705 4573 3725 758 5040 917 1906 1185 7757 2702 5418 755 8005 5006 79
456 1822 4920 9915 6117 8797 9603 4607 7583 222 8154 9789 8612 6773 3207 352
457 603 5474 9004 2494 7837 2827 345 3224 7049 8797 4766 4452 6351 7545 4399 7713 3783 7123 8644
458 8459 4987 2071 896 9378 6801 6742 1037 6521 2930 5581 4362 7782
459 9130 3381 5062 1279 5660 7547 9834 3621 437 2296 4406 8058 668 6620 2407 9993 7481 3877 4901
460 5054 6073 3752 7164 523 2143 2708 8109 4742 5644 9463 5299 5679 750 5155 8758 374 427
461 3278 5529 3835 9010 9456 4714 184 3884 1080 5762 2788 1390 2979 677 6232 2679 7834 6526 1299 7713
462 7034 2009 3331 4514 8743 393 4391 3602 2346 5723 5823 2540 2986 6079 3561 5359 9270 6744
463 5198 6575 6707 1278 3364 632 270 9638 1907 9978 6853 7811 9160
464 4969 5524 7914 7106 205 7152 1920 1 336 158 9931 7650 1625 6054 6030 4020
465 9894 915 7979 2582 6152 3079 8199 8114 766 132 7554 9903 2685 3869 3836 6030 6938 5880
466 9197 7494 3243 309 7075 4148 1187 7357 6580 1120 5509 4397 5700 3232 4985 6014 135 5783 9023 2340
467 5555 9598 9490 5965 9529 9658 7495 2215 9041 8245 2551 6786 4760 1534
468 4846 6859 7598 8441 3473 6469 5590 546 9603 5137 8990 2127 5063 5340
469 2566 5217 9481 5628 7220 9777 3966 6027 1970 1761 3839 755 1430 6099 3343 3905 3371 5437 205
470 823 3589 1499 5363 2578 4314 4653 8199 155 3290 9013 2021 9230 9164 2643
471 7795 1887 8249 5522 3154 4846 6721 7205 8985 9029 9309 9871 8081 7533 5896 4282 395 5748
472 2802 6483 2689 3469 9754 1876 9432 8599 92 2065 7782 5122 4884 8431 8116
473 3327 9624 819 3951 2547 5854 4897 85 4944 2480 1625 9908 7153
474 957 3220 5358 4240 4658 8904 5420 2046 178 6525 7312 3071 8227 3665 6464 7713 79
475 4039 7210 1644 5631 6123 3072 7331 6259 6285 4828 9704 8275 1148 1602 9813 1328 2112 3032 5212 9404 8487 9244
476 9139 8350 7692 2191 9136 5564 6121 9504 1131 318 5386 8599 1956 9659 9197 7699
477 9766 1499 8608 4824 7277 7955 1359 5064 7462 3780 9852 9404 3395
478 7858 7819 6056 1615 2810 9404 5179 6159 8660 419 4425 5126 6075 1454 847
479 6588 4750 7977 8153 462 3279 1557 1461 9507 419 4353 2371 4035
480 7507 3073 6360 4938 9535 9255 7313 2894 7851 710 1708 9470 2350 7051 557 8716 9930 6467 7732
481 150 7785 9090 3927 8779 165 6024 9816 5414 4640 5445 5643 8794
482 1261 6545 6756 6185 6747 8699 6576 6915 3734 8170 3989 6343 4397 8573 7472 7630 4539 6049
483 5687 9585 3917 4707 9234 2593 7928 999 9453 2904 220 3520 4224 5156 7874 2555 4341
484 2935 7556 2577 6921 3969 8446 3550 9762 4684 4324 1844 9791 6226 4337
485 9705 2158 1459 9022 9057 4098 2861 6411 4541 6817 2412 7240 7868 8711 3144
486 3676 6218 6207 592 245 8766 3593 8347 5724 7482 2175 8922 9480 4362
487 1522 5055 4541 4922 8758 1233 6135 9716 3850 6811 9842 148
488 4222 8434 6010 1047 9542 1808 3967 7276 2312 1693 8812 2790 476 925
489 1175 7238 5999 2264 6365 8782 5428 2865 4656 7408 7470 1807 2562 8029 518 1611 8284
490 4853 2020 8669 5824 4638 9458 6197 4242 8427 8831 5412 9834 4107 7949 8663 6613 9244
491 5535 9773 1940 6949 552 9428 5608 7582 2123 1197 6419 3784 2198 3883 5362 1476 745 4286 8134 8125
492 2329 4744 9422 1656 815 4767 3809 3480 8652 9086 205
493 1887 3605 4693 5268 7638 920 5891 6513 5006 4760 3597 6404 1496 7736 2413 4985 3982
494 818 9706 4439 1322 146 6958 5510 5946 5404 1476 8579 7575 3783 935
495 9593 1717 2160 4001 4750 7199 1122 2668 9752 5112 7134 2642 3827 6635 647 2114 9903 5962 4314
496 9241 1188 5565 2738 7381 6671 4682 7790 3749 679 8343 476 7759 1383 6692 935
497 8405 6821 8780 4746 1118 3009 6699 9336 4032 1528 2692 7883 2657 948 4255
498 952 7324 7798 6082 367 9477 1913 4950 9651 575 7860 9576 5896 2263 8056 2652 3584 3074
499 9098 7196 5146 5470 3702 5545 5045 9997 5795 4300 7641 4654 9199
