100
0 459 5402 3442 2805 6319 8206 571 5325 9499 220 6042 1661 2068 5647 3005 2886 5978 6196 3474 2258 4001 4626 8981 1428 6771 5137 1389 8680 2738 241 8244 215 7754 7691 8217 1621 7373 8894 6326 8790 9411 9481 1412 969 3572 6372 2984 7800 9930 9810 3899 2638 4862 7326 7946 7069 533 5096 5070 891 7931 2023 6021 8004 3380 6094 7339 4326 5853 202 9504 4280 522 297 7753 3106 1689 1155 9607 8756 6350 7645 8196 3453 4344 8332 3242 8540 6993
1 9350 9606 8700 7518 3832 4677 4454 734 2625 170 7306 4495 2845 6665 3019 5846 5506 3341 6390 3249 9680 4108 7790 4250 3929 9041 5077 1582 6299 9064 566 5992 5587 5105 6847 5544 3184 459 1877 9629 8338 1062 431 2237 1254 2996 5661 9002 2525 7157 5101 2087 3501 6954 6920 4574 5137 7718 4680 6939 2660 3972 9453 316 4008 407 3568 4716 8551 819 6387 7808 5286 1269 6359 5087 5961 1253 885 6064 5115 9151 1437 1297 6726 7703 6963 7068 3522 8743 4972 9130 8159 6970 3317 2541 1533 2779 895 1378 4258 4938
2 710 1738 6109 3058 3166 4290 7634 5435 2216 2917 3123 6526 2953 8595 2104 3345 5770 9135 6471 2081 9614 6939 655 7712 6858 6299 742 7675 4194 350 5926 45 3897 2796 8065 5838 1922 8649 4585 7733 7475 887 5354 2099 5726 4849 8179 5510 653 3829 9786 5619 6327 5103 4731 7700 5396 534 2034 4246 737 6731 2145 6135 2933 1902 2563 4809 5737 9957 7566 9920 2329 1909 9123 7288 6239 5362 4100 4618 6092 9727 3694 2149 4122 2869 3104 113 2478 3682 4506 7795 6180 7887 6207 5828 9269 9383 4242 4917 9668 3059 8371 5249 7623 1927 7416 6295 8937
3 9528 2936 4432 8170 9457 1542 4149 3561 4091 7740 5419 821 3505 8367 3517 5429 4070 8024 9741 976 434 4814 8707 2044 8377 8723 810 6652 7798 8940 3628 7988 2661 1515 5125 9804 3474 5544 8894 8140 637 1166 5454 6816 6846 4211 7119 488 296 1298 6676 9520 5883 1660 3556 2047 6635 8862 2708 8217 5891 9154 5919 260 1318 2972 674 3570 863 4665 7418 401 1710 8400 5248 9450 9581 1734 7415 3573 744 888 4752 2255 6148 6424 1752 5562 6494 4593 9684 3784 7919 2125 2896 3307 6581 2231 7830 7332 5577 3028 7558 8858 3420 6949 7505 6980 6374 312 4105 9210
4 8131 5823 3903 6353 6900 2584 3408 3195 5097 6960 9367 6655 5621 7086 3757 2442 1128 3498 1988 4898 1356 5069 7507 2198 1336 6720 713 2123 8175 521 4237 2609 466 9216 6616 8557 994 4713 6267 8049 4917 6774 8707 977 628 1332 3793 5574 7226 1312 5544 9894 4276 6137 7436 3480 6610 288 8463 3685 2243 350 1132 1611 7014 8947 4792 7906 3436 167 8398 3396 4706 2523 5646 3192 5426 8058 7423 6473 2855 4615 3320 355 5056 3202 135 7884 8225 1273 5592 3705 2501 6915 5032 5254 1814
5 6754 1220 9238 8257 7703 7798 47 8316 1228 344 1762 8093 9491 6065 9752 6651 5514 1078 2080 1503 2363 9596 3747 2499 3939 2366 4754 2359 1221 6661 6994 7401 4511 1528 2251 721 2609 615 4659 24 7189 6783 7821 126 6048 985 5509 6555 70 6700 7749 5670 6222 493 2296 4655 9760 5399 9270 1636 6607 5799 4853 7563 2117 5485 6425 97 9395 8435 77 4100 7036 8402 8580 8496 1745 7578 1024 5349 5106 9823 1909 928 4118 5185 7229 2709 3245 7055 4256 4003 5084 1751 6699 383 8564 3276 4516
6 2963 4173 3674 5547 4586 3641 5041 2793 322 6034 7853 5085 2024 4117 3206 9466 6284 2907 6946 6240 9088 690 5384 7565 163 5725 2994 5525 5954 7848 3631 8912 1840 3594 9156 3889 9054 7953 2384 3635 4755 2406 6756 1212 8172 4167 8572 518 6979 6583 9714 2941 7780 4546 7329 1990 2684 9157 6468 8279 2607 9562 1464 1619 2802 1400 4075 6738 8239 7051 2025 309 7939 4927 5868 5007 6704 9468 8960 2003 8481 4184 7457 2081 5695 9747 345 708 4962 4065 8033 2100 6652 5345 6275 5677 1976 1588 5497
7 3325 9816 3785 7287 1997 5379 457 5858 1091 6592 2312 241 5329 7796 2514 8427 7461 8782 2064 7682 8008 5423 4861 3627 9790 1437 6105 8627 6889 6588 9515 6717 6969 7896 3218 8067 3945 9955 8236 2818 7631 951 6851 7410 7353 3324 140 2231 3348 9938 1918 7728 479 6688 8528 280 6150 7802 4191 8404 574 3211 9287 1717 8076 3830 8712 8382 3074 2176 1928 1587 1522 3543 6007 7361 2386 6018 4643 7185 9012 4668 5702 7114 3299 6042 1333 2811 6453 6794 590 9227 3051 9484 9641 5586 6501 5495 1423 9663
8 6449 6131 4430 4734 9254 826 7753 4630 581 9865 5176 3634 5682 5408 3536 4810 7149 2040 2681 7079 3140 1994 5325 5023 4657 3289 480 9070 9944 3358 3357 2752 7177 3373 9511 5805 9233 1280 7024 6933 4480 1028 7468 4022 2634 1803 6116 9368 2515 9149 8662 8247 3466 3624 859 874 4715 6664 1573 4031 3660 4641 420 7455 5796 6950 9429 9098 756 4695 3296 1794 2025 4328 4043 6996 1017 8132 8680 7548 4648 1640 2266 5884 6361 9966 3637 9107 630 6745 3805 827 288 2536 4683
9 9805 1536 9083 9079 468 6530 4680 4609 9808 3569 3205 4971 9659 676 2360 7798 216 9153 1720 6409 3747 3202 8347 464 8442 8848 5349 2143 3965 6087 401 4605 7552 5928 4177 2933 395 3651 7026 4685 3750 6137 3334 1011 335 779 9961 424 5299 6830 1679 1911 5028 8365 4284 2011 6279 9393 1711 7406 6789 7982 5780 7972 3980 6863 9812 8089 2769 6117 4188 7259 4042 9965 8753 7018 8255 9656 7813 8391 8121 5217 9800 8177 5222 9880 770 1730 238 3509 8723 5765 5386 5914 5275 6236 7987 2563 631 2013 8615 4477 1696 2777 4345 9305 976 896 1569 2454 4536 2035 1864 736
10 7950 2233 9025 3920 1394 2096 731 7761 4456 106 3278 4322 6638 4658 2409 6195 4498 1700 1413 1830 9339 1451 119 2991 9876 9381 8450 4482 741 2704 3490 4689 4483 5481 5757 7864 9592 3296 9600 8461 6628 1259 4744 3933 548 1067 3082 6736 3255 7565 271 8896 3911 9519 8901 7304 4178 5362 5252 1361 5925 6208 8439 3436 3509 357 8242 1211 7549 4925 8090 1508 8880 1393 4639 770 3287 186 793 3293 9428 9891 6424 5810 5734 1686 4632 406 8024 6177 333 6445 3450 9874 231 2610 5425 1170
11 4393 2263 3669 9584 6050 7030 6104 781 8922 3004 1764 5042 5711 434 5044 982 4292 2441 7770 5874 4329 4761 835 2850 8646 3542 3973 9937 7491 820 2392 1153 8972 8177 2182 2889 4074 7586 5925 4117 1322 3443 2010 3115 1460 6625 3572 6827 9044 2731 133 1757 9439 4259 3516 2048 3123 2810 8351 5611 6762 8416 8118 2197 6097 3867 3970 3079 2544 4457 3140 8404 8627 7115 5638 1386 9942 9402 6973 9260 5366 7729 5708 4123 7603 4550 7295 4609 1379 5154 3689 6855 2970 1217 4962 2754 1864 6444 7001 9263 8413 34 4112
12 8740 3840 1756 9632 3744 4171 9382 7894 3341 5438 83 5171 6773 5529 307 7803 596 1304 6838 1880 776 6642 9741 6158 264 621 3431 8021 9114 8324 4105 9638 8711 7744 6129 9945 1984 1549 5860 5429 3602 1877 8369 1636 2890 4503 2396 4860 1433 9758 7128 9582 2349 3150 6591 6183 8095 1956 4564 8492 1301 244 4028 4646 766 1021 8361 8791 7669 1156 9680 5966 9192 7611 3884 3809 9759 8699 8309 523 7853 1216 5949 663 8998 7326 9332 7649 5028 4618 1063 992 3042 2678 2682 9749
13 658 3250 9071 4230 7089 5811 9095 617 6165 7781 9707 2799 2168 5873 7398 6911 1532 6073 814 7138 2816 9548 5639 7430 6444 6623 5910 8958 7115 2945 3188 4560 5055 4787 7994 5403 8920 3845 1872 8683 7566 4027 7218 1712 5760 8215 4108 1265 4196 4979 7237 8844 6244 4103 5174 1165 8776 6190 3210 3626 2112 207 5990 5070 1061 2080 4205 4992 1903 9515 1648 4574 8257 3646 221 3213 1600 8611 8432 8898 9008 4938 3371 9929 583 9463 357 5390 4309 8299 7489 7477 8729 7446 8604 1106 758 4336 7213 5065 2093 6831 8387 4020 9647 8930
14 8545 3716 2239 842 4822 1078 8951 9102 7157 6645 9381 5926 1353 7819 6024 524 3060 4304 7959 676 7861 4781 2971 2179 759 6023 7908 4245 1062 2321 5937 8924 6672 2066 2144 4104 4522 3562 8509 1762 8009 1265 7910 800 6424 3341 4732 3246 8524 9418 2708 8783 8975 4074 8410 5320 4697 1356 7063 9950 2394 4389 4962 8723 8202 8928 1534 2976 6397 4080 1985 7125 106 1851 2574 7309 7279 136 596 2787 4922 506 6251 3009 1972 5196 41 7951 2648 4085 1654 7622 5979 2857 8569 2405 3912 8573 9173 7647 4716 4906 5189 4745 808 9294 2737 8590
15 3936 8877 3714 6335 4370 5409 9005 2356 1169 4024 7062 3428 9264 3075 8093 2227 4905 4567 2488 1298 8901 345 2874 1224 4987 745 7182 1666 1911 9140 7106 9738 4337 396 7931 2451 3906 7557 6807 2930 4230 5102 566 4059 6822 8590 2127 9659 9071 2563 2341 9492 8442 95 6102 2219 997 7795 7474 1487 129 4840 4462 3836 1725 2924 7008 7480 5436 7479 917 1981 1484 6284 5363 1722 3198 2761 7068 6911 6550 9832 971 4976 2867 3628 9055 1063 7702 7820 8785 739 695 9695 8808 316 7610 4632 1236 9122 8585 7538 5981 2022 2211 2317 5045 7760 4436 659 3058 8966
16 1651 615 4559 4279 9564 800 1168 6605 2154 7991 6860 8104 5078 7155 9513 4992 5810 5993 2871 9892 6465 9861 6583 2684 1391 4369 5354 9308 9188 6696 9113 2757 1113 1363 9421 5333 9893 9083 8152 5549 1556 2004 893 8342 7946 5802 9909 7723 9448 3471 6088 6903 43 6402 4274 1331 3627 2745 2658 3723 9643 3386 7409 9780 1248 3001 7545 269 6486 2470 3896 7228 9081 8600 453 2741 3258 1062 2062 504 4159 9070 9287 1227 2341 557 7871 6636 635 1333 4810 8806 4298 9297
17 1492 5708 9374 7462 5352 8963 8688 4346 5400 6691 3338 8215 145 4502 1100 3875 6042 4606 5055 8546 6245 6102 2215 9554 1801 9911 1878 1344 5058 7303 7504 2619 5330 3830 7265 8929 8843 3258 9895 1232 4450 1473 6765 5937 5882 1018 7532 5848 3116 6585 1325 3557 7426 8993 7429 9751 1014 5159 9830 7262 5234 4155 2759 3809 6001 7180 8796 1605 9297 4720 1117 9852 1762 2486 4086 3766 67 1090 3213 5780 1129 220 4517 7530 8793 996 5676 1263 2754 7515 1715 1695 898 9609 6539 6299 5965 420 6962 4143 7519 6930 7907 2304 778 9743 6146 324 9300 4009 7005 9514
18 3431 7303 8473 673 8181 7624 3465 3144 4487 6093 536 8302 2849 4808 375 7457 8777 8947 2988 1906 1808 1305 9158 4928 4048 2242 9037 9113 5070 3006 2310 3619 1467 7403 7855 1357 2718 2696 2342 771 5348 8931 8564 9696 8775 6486 7241 9105 5611 4560 867 7040 2111 5899 4075 7798 2918 288 1969 9198 5882 3628 3210 9088 4308 2824 7932 5296 7881 2834 3522 1530 5518 4118 8035 1505 7053 2237 9503 2691 5081 6814 95 5030 2263 2935 5445 6128 3007 5854 7426 3729 8155 3609 7159 4132 997 7630 5040 4098 48 3601 1584 1126 432
19 421 6787 7233 2357 2729 2496 9677 7144 7046 1464 215 868 3037 4797 8296 2982 4245 6941 7688 1873 958 154 6434 7950 5843 5556 1653 3661 7546 7278 392 4279 9365 5920 8737 1689 6955 7519 1424 5085 4343 4693 717 1527 8831 8975 8416 9427 355 1051 3363 4360 6847 5863 9754 9222 3653 5963 1670 7199 3569 6816 693 3557 5383 1635 4633 1818 2342 6373 4728 1669 1486 8628 9245 1433 8214 9656 4549 8024 8552 847 4236 2680 9842 6369 4271 7853 7068 3223 9200 6433 1036 898 6612 522 1288 4539 5680 5561 7506 6209 1075 6873 2135 9986 7357 5425 4610 5532 1980 8780
20 5043 1522 8054 6661 4993 5791 9018 7146 7455 9810 3647 1548 7897 9406 383 3791 9562 6752 9165 5860 6905 5298 8301 8538 4684 7233 3970 198 521 566 9354 1865 4674 8693 7537 1909 7147 5783 2721 7543 1863 7201 5912 4135 6147 3020 7258 4814 1914 6929 8060 2030 1584 8168 6038 2457 2591 6075 760 7632 4253 7343 5063 1804 1095 4148 4117 4329 4196 576 5337 2297 649 8488 3483 769 3955 842 5827 4627 3149 7761 1033 631 7164 1435 1126 5299 7598 4337 7995 8113 8004 5803
21 6242 7181 7345 6882 8768 2817 2753 9581 5432 8890 9862 5019 2436 7501 7806 3058 546 9048 5964 8516 6322 5620 3009 8198 825 3586 820 2061 2887 8681 6350 6877 504 3638 5214 5909 1419 2343 1392 188 4105 4204 7069 3751 5816 7986 5698 5923 2613 4189 7365 5895 8500 1563 2358 6837 4517 6039 1562 2691 5508 5353 5405 287 4311 131 4176 2846 6647 7735 4535 4145 4599 7582 6088 1023 2888 3592 5937 342 3281 1377 6140 5936 3252 8038 5780 3378 1238 684 5149 5396 28 5583 7770 9700 5001 7475 5565 1531 7212 4890 5891 3983 2682
22 1576 2528 8636 7820 9258 7103 879 3917 8069 814 5296 2113 9849 7763 6354 1072 6228 2444 4840 8301 1255 7070 2894 1819 4001 9183 4438 6039 4300 8963 5772 3661 2584 294 2686 1218 7194 4150 7342 2753 7313 4069 1769 5854 6052 3991 4448 3623 9480 9341 1003 5005 6960 5488 493 3045 5540 2411 4454 8325 7470 5896 2099 288 8133 1994 8287 1615 4442 1584 4843 2463 6771 3481 5508 1791 2433 4673 697 9887 1183 7285 1704 2281 8286 8109 9250 8732 4497 6826 8791 3130 73 8004 1870 1151 3693 6828
23 7785 8869 213 1096 7281 1133 2442 6395 7679 2023 7840 675 4804 3088 2714 295 7873 5992 8952 7417 4485 3879 5623 3465 766 5709 46 5786 4992 2689 2025 2743 4000 1010 5511 9873 1103 2950 1229 6652 6653 3712 6384 1290 1095 8081 7409 9505 8388 4967 4970 8947 2305 3244 3020 1818 7664 3125 4190 5635 4054 496 5507 1861 2003 7364 2021 538 2191 9932 9864 4056 4303 3978 177 7152 7588 1821 5211 9890 8878 8640 2548 5756 7974 5952 6405 3996 5273 5054 3378 5076 5503 6007
24 8931 5688 5615 2216 3870 5647 9050 3156 4228 1309 9302 4075 5967 9640 1423 92 5889 3828 9097 7051 7351 728 1830 2134 9296 800 1187 6678 7712 2225 7885 7703 7992 4078 1382 6493 6999 3631 3712 4221 7228 6579 1204 7158 7793 8791 3085 1926 5248 4940 1305 705 4981 7114 4119 4580 2969 3231 4175 1420 7086 911 6404 6665 301 6663 4266 1605 5395 9071 6315 2178 1458 8037 3270 4292 6763 8872 2368 6422 1528 9204 7533 825 7067 7353 528 687 2304 7457 3444 6063 199 8494 9205 5317 5807 4358 6949 3310 6406
25 3819 8562 1426 5002 3750 5553 1473 2401 38 2423 8625 3613 1829 6446 3104 728 1364 6112 9659 6242 2407 8801 6852 8778 98 6834 5460 8838 9901 3917 2241 1067 6912 6978 7445 6196 4735 2273 1280 8003 5456 2352 6434 323 1596 9273 9982 9284 5870 7864 5253 8927 5644 5423 7603 1670 3884 7659 3275 4002 7984 8515 7474 9241 4823 1397 7060 8721 6036 8586 2060 6095 9429 3212 5415 640 5906 1150 8911 9805 7642 8002 7480 1019 4236 9976 2602 5578 1439 3316 8608 3268 4176 7266 7408 2820 4646 185 1208 5207 7614 9420 4796 7397 6855
26 5650 8930 7193 5621 4790 9114 4834 2527 7055 766 4050 8912 5518 6052 1316 1414 9304 5150 1009 5558 7808 6085 306 9239 2087 4899 4824 7006 7889 7298 8238 3896 479 241 2348 1427 888 6804 2972 1525 4651 9891 1600 7435 801 602 8439 4453 9118 9873 269 1925 3830 111 508 8763 6713 6794 8731 4350 3483 6461 6647 9102 7307 9057 5915 6815 3243 7083 5100 6539 952 5430 9279 7855 1644 2285 7915 4572 8941 4513 6548 8411 2191 5326 7 2401 7741 6020 2366 8154 9568 6341 7633 6770 2328 5669 9405 739 3866 1011 2337 4347 6541 3167 5937 6962 9034 4228
27 5253 2146 3004 1423 6667 6181 6105 4297 4934 859 9521 1210 6802 1437 8794 6921 7299 7113 3609 7317 1860 4702 291 8264 3757 8432 9556 8298 4588 3512 4269 1902 2536 3904 7143 4522 9291 1554 9376 1993 9117 5377 9180 1714 1880 5337 6229 4022 9604 1446 8327 3126 603 4580 1122 8242 4218 2038 2771 1903 5737 5105 6701 5788 4341 4772 4681 9853 5025 3080 6706 561 3068 7505 6622 8167 7029 7896 4820 4920 5245 9403 2373 4760 6090 1177 3595 4108 5909 7859 558 747 1914 7798 6935 4863 2124 1516 3045 924 4899 9222 8069
28 8351 1747 1802 932 6149 336 3751 5864 2934 9771 6532 3119 1653 717 3164 2015 8512 6256 6874 7845 6470 7946 6493 4488 3083 4804 7059 2841 9911 1000 9267 2802 2515 5718 202 1353 1393 3968 9056 9858 2184 8151 7053 4201 7387 1827 5289 8486 4296 8081 6515 4612 1080 6285 1497 2971 3160 412 7653 868 7990 3941 509 7730 4711 4232 3972 9813 7515 1519 1506 3786 5696 1845 7334 2795 503 8257 9515 7021 9481 8414 1430 2392 4369 1079 3975 9957 5714 7458 1902 1469 8319 9395 4930 5969 7717
29 2099 4517 9690 830 9403 3909 6928 2590 2058 9335 7482 940 789 8130 3131 9098 2264 9317 7378 9919 6858 9789 6824 5019 9539 8731 9520 9996 80 5127 759 9011 892 8558 5441 9105 6272 3148 611 3996 8159 5347 7658 2313 5589 1989 7497 6412 847 2333 2638 6694 6597 5956 7676 9808 6116 3456 6497 3262 7034 8061 7948 3465 8376 6342 1535 3211 3902 3552 8405 1502 2620 6500 1738 1257 4606 1624 8876 3840 7436 4824 1718 3261 8942 8134 4908 996 8982 3217 2838 1703 2779 6811 7212 2870 1831 9609 4194 7267 360
30 4279 5437 2343 8938 6711 4953 8210 3005 3342 7269 3046 9147 6996 7953 8211 6372 7320 521 1656 8009 9868 4817 7365 8593 9215 370 4837 8390 4646 9570 4681 6142 9874 4821 6627 478 6148 4021 8546 4921 6054 1687 5059 1216 2018 1005 4341 6919 1257 4477 32 6836 3558 9502 9879 4012 9751 4072 941 6376 7376 7096 9750 8042 5875 9662 2590 5849 2689 4395 3174 4987 2696 2446 6434 4361 5027 4399 1775 2744 8759 8102 8158 3415 5618 5058 848 8293 7814 1828 8673 5957 7291 2024 1981 1572 1989 9788 3611 6938 8252
31 2583 4618 6867 4259 4006 2649 157 7520 1898 2213 612 66 4442 2572 8331 223 5973 6727 6968 5644 5305 4834 7753 8200 2273 6335 9246 6683 4178 4679 1249 9958 3820 1185 2043 9743 2504 5123 5864 7886 4999 6484 7713 1701 6987 6793 4724 4634 5352 6414 3371 7024 8129 8281 2072 7222 4359 7006 5275 7227 4868 476 6038 6310 6990 8195 8347 817 1404 8266 3092 1976 8973 898 839 8188 8704 2510 40 2454 9545 5010 2912 7954 9283 5793 352 1380 3074 346 8152 7490 1252 7683 2801 835 3915 2118 5671 7397 5801 4330 1757 7253 95 6289
32 5114 5325 9462 1188 8849 7857 748 4283 6319 5 4500 187 880 4181 8073 4607 8101 2094 3894 9281 3012 9392 3182 8856 7262 2719 71 9101 70 7439 6466 9730 92 463 8782 631 8988 8294 1761 7521 5375 9320 7288 34 2673 2499 3561 5101 5183 6396 1472 1471 5524 5163 6339 4362 2707 1316 6919 878 9039 8345 7152 6809 4497 4780 6677 7283 7605 1234 7409 9122 9255 3790 946 5026 4575 4491 4393 7394 6865 6886 4742 5152 3505 8793 9017 5722 8581 2460 7289 9064 7948
33 1951 9198 1614 4714 5866 6156 8714 9543 8169 6875 1211 5205 1858 6446 4854 4090 8433 1302 7264 7367 4694 5803 4691 2011 7787 8900 5915 6567 4670 3489 7541 2751 1052 4469 3883 5252 6197 8132 6955 7424 184 7657 7212 2315 814 4825 5617 56 3368 5262 3080 4051 5806 553 1123 5297 7033 1364 158 8739 1236 1786 5118 7718 6340 7213 5051 7875 4331 7461 9536 9133 4063 423 6788 770 6235 5443 4202 9706 4433 7931 3956 6080 5248 8265 2806 2235 1882 2875 9272 9193 2362 2590 781 106 5706 6047 1620 2205 4826 5703 7658 5556 9278 5681 5102 6853
34 898 8205 36 6657 5568 9498 7395 7485 4034 3222 9981 6704 2288 3649 8448 8188 6904 1028 883 9256 7480 8088 4842 9862 5977 2608 2277 1484 4229 6909 8358 7771 2537 5681 393 1285 9823 9761 521 7990 3715 6256 7322 5479 8394 1253 9414 4088 4519 977 1610 4418 9238 7268 4639 6836 4281 3433 1598 5043 8038 5632 5445 7029 3733 56 3520 369 5120 1747 999 3667 8779 5508 5560 4708 1972 3053 6349 8419 9737 5344 5562 9749 9159 6715 3791 4541 5161 8183 1041 7091 4188 9019 4617 3557 4694 7483 2630 2925 9708 1108 175 7072 6564 2365 6994 3331 5483
35 5445 586 1546 4292 4359 4033 8392 4678 780 9688 7871 7886 2862 786 2043 2400 3598 1868 9531 1401 2109 2587 2933 8766 8057 7678 4948 9716 3729 3531 6960 5526 9376 4788 5886 4107 6678 354 4037 2273 1359 8559 6666 8649 2825 1053 735 6503 4564 9520 4898 4967 6117 6560 3030 8924 7741 3828 3798 5296 2631 942 6031 5442 3819 384 4731 2913 426 8075 6154 3808 1415 3627 842 9459 8017 258 7070 1100 4864 4725 7084 9006 614 8124 7532 8352 226 1215 5601 2501
36 2953 5546 3042 2172 7769 8990 5586 460 7997 1598 9720 5187 7551 8379 6606 786 6773 9075 6939 5767 372 5495 8263 9537 1094 2578 7318 3555 3661 8532 9425 399 677 1629 1198 2465 9674 14 5403 8361 3133 4009 232 9859 9372 7724 1985 301 4776 3454 8552 1056 4049 528 5254 4881 90 9125 9060 6959 5910 5947 2528 9749 4898 6328 5920 254 5766 7175 6444 2774 5572 2725 4204 7572 5508 4516 8222 5054 7541 3048 9182 4090 5424 1045 2749 9643 5793 1105 8955 5183 5423 9764 5671 6812 4690 7281 9685 8540 3870
37 8892 5402 4148 6034 6047 5111 807 4943 7945 2012 316 3634 2846 4928 7458 6747 7926 7336 1127 4988 9205 8885 230 4887 7876 8689 4296 3334 7481 7124 2219 4394 149 1806 6062 8015 9848 407 9230 4587 6967 4912 4413 6248 3191 9529 7642 9456 6831 7977 6408 6091 9021 6214 4334 3005 5379 5463 9667 5195 8965 4681 0 2754 5845 4264 9439 5419 7107 6923 7712 5717 2018 5901 2496 2297 8387 1565 4162 2683 6180 6438 2953 6641 367 3642 8375 3159 525 2770 8595 7749 7140 4438
38 1065 3883 9884 4263 8435 8960 6679 7489 7538 9977 2572 1721 3334 1899 9367 2626 2886 8534 3054 9449 9926 5890 1497 5790 691 4883 6980 962 3849 171 7214 917 796 179 6025 7329 7503 2878 9896 9382 7815 2569 8414 9819 7731 751 3 3962 2632 9182 6399 2680 7005 9941 9955 5254 9153 864 2552 6376 5259 563 2600 4105 6950 6969 7607 6586 8022 2134 1541 3123 2727 1459 9022 9853 9714 9750 104 9579 513 9068 7514 7712 6093 4019 3394 9788 3330 2820 990 1489 869 3599 4362 6513 8170 9790 6887 401 4276 9776 4295 2731 3206
39 3351 2990 6945 1910 2538 3820 6900 1808 8269 7305 1728 4260 1241 1236 3402 8346 1898 4730 350 8940 172 9623 428 5418 9206 6749 8699 6874 930 1850 3279 1639 6705 4032 577 3050 1677 6203 6865 123 3386 5089 2652 8533 1323 4790 6779 9705 9344 4243 7263 2925 8234 1594 4442 2389 8734 6803 3871 9572 1634 5114 956 1191 2350 3645 1770 7404 4045 4719 7656 3206 3380 1081 3616 3476 8181 9198 5140 3844 7613 1972 6567 5007 8035 4199 4052 2628 9282 994 873 6565 561 7267 2782 6828 7411 3276 5600 7167 9535 2379
40 517 8726 2539 4182 7626 4791 6543 9525 3068 4890 1547 8760 4016 776 4174 332 2136 3250 821 9229 6840 5843 2449 1887 8032 3733 8731 7948 3116 1073 4867 1721 8057 6265 836 7809 5471 5077 5300 6107 4282 5593 5032 3944 6185 3163 6731 1235 6316 9951 6451 1650 9968 6111 9689 2433 4576 4100 5667 5474 7662 2260 8880 5451 5487 2688 6835 1102 9461 9728 1811 621 1431 1118 4997 614 7425 143 6546 5319 2196 1736 2570 2980 7736 6529 9893 3457 9446 4160 7959 7863 2091 419 8905 7685
41 6910 1146 8038 7344 3581 1833 9837 2395 9439 8149 4970 2405 9657 1102 2593 6451 2757 7180 7787 5686 5383 9683 7159 4185 6065 4215 2526 8574 5181 1491 9650 2561 6741 6183 9331 7488 6290 8470 988 2987 598 5010 3254 1463 5816 4921 6233 34 3672 637 4386 7530 9773 1802 8256 949 6282 8614 9517 8302 8760 147 2402 912 702 9110 59 1234 2917 6676 7453 6091 8618 2167 5528 9387 3288 5305 5497 7974 6392 572 2856 1458 8384 2495 9744 5344 6790 4027 9440 9981 9504 6136 2389 4212 6852 3719 389 265 5006 2918 9007 5093 3508
42 8538 817 6119 4596 4418 4511 8567 3598 4092 7776 6412 268 627 6582 1237 5917 703 6158 8948 1581 4292 4086 80 4367 4724 7448 8777 8847 8115 506 8804 9203 7272 3601 327 6700 1759 7252 2681 3489 1867 4263 5555 5857 3226 7279 1332 4988 287 7303 9900 3108 5447 2112 412 1211 9896 6491 6912 2676 5640 2273 1462 9406 3949 2285 3638 3395 8361 4430 9932 787 7289 9130 5754 8653 7678 9231 2471 2559 5723 5993 3902 1045 656 11 4161 9470 2407 2210 3306 1153 9466 6392 324 1136 6802 7733 4797 1480 4577 2215 5227 5213 1146 9846 7582 1010 1020
43 1821 8768 604 1146 9151 4207 7447 4516 1411 3339 6457 8428 4571 8363 776 820 4041 5791 6684 7202 6479 9979 1669 7453 3045 2812 2460 6117 1865 837 7449 7446 7057 2448 5935 1297 4268 4970 6146 8584 9012 8103 5698 3226 3208 3456 8320 8115 273 7678 1681 7451 4546 8063 7605 4667 6704 3883 9991 3123 1920 2866 4768 7304 5366 3748 8574 1923 2578 6690 5053 6733 3342 3608 8577 8900 8569 7959 9092 5703 5017 5648 97 3635 1765 550 5062 7620 5153 391 9488 6627 7711 2297 8196 3700 7170 5348 3399 9307 2807 2080 4666 2873
44 4971 9912 8520 3928 8509 8757 9110 3865 8685 4926 3122 6330 4485 587 4685 9934 4081 4696 2186 7386 2078 7417 7100 9665 3130 4421 1947 6393 1848 6397 7518 3186 7967 8648 7791 5643 8714 487 1614 4986 7842 3642 2383 5273 3673 58 7216 5281 5905 5403 3106 1510 145 1172 3807 6208 8874 7418 3203 7965 8075 3506 3125 8269 4970 5219 2262 3797 2418 7561 2716 2652 8078 2209 7182 877 8029 8834 966 6556 7717 5056 8669 4271 2401 3497 7676 1481 737 3355 5880 7540 8831 4367 7642 2156 3175 8486 5386 2436 9577 8962 3315 6734 5921 7883
45 1367 280 6365 2661 6169 7008 6269 1615 8433 7478 7011 1067 448 6190 4118 9273 2175 6850 289 7521 670 1297 2534 6765 962 9766 126 3056 7727 2817 3470 1768 6246 4409 8341 3806 3267 7374 9562 8055 2193 1286 9057 3090 8461 2511 112 4297 1121 965 9138 4992 1021 4429 1765 5562 9373 5282 3689 4129 9321 4711 696 3940 70 9567 566 4832 1094 5954 4488 1589 8837 5565 8839 4212 504 7284 685 4954 7516 7964 2548 9150 2781 4450 9287 6698 4986 7362 7055 8395 5862 1544 471 4413 166 4161 3325 8376 5316 7307 1445 8926 9036 5526 7377 2967
46 9797 2754 1539 3559 3920 1298 9243 7739 2922 3074 6666 4692 3830 6843 430 3096 7264 6796 2066 4585 6396 4123 3008 4960 9558 4835 705 8014 2779 5611 5218 2499 1080 6125 347 2954 331 4550 1525 7509 178 3637 4072 305 9596 9988 7024 7136 8117 6239 2092 2402 8202 4609 7075 5299 3095 1333 2915 2807 7687 740 6457 1134 8152 1271 4924 5244 5684 46 482 6266 3823 3350 3519 7524 5883 2217 2660 5738 2587 9646 9902 4273 402 1749 4951 7699 5441 5662 7557 771 2191 907 6901 7278 7752 8103 5722 6367 3022 1559 1685 7574 9297
47 7861 2600 1890 4522 4209 3410 8018 5985 8708 8415 5018 5270 6291 1695 5425 5516 789 4660 6289 115 9934 5375 228 5140 7164 8107 2541 1512 4395 1255 5507 1480 9394 4544 636 8110 7198 4010 6513 5388 4679 8117 3662 6871 6840 1563 1485 5996 5137 6504 1236 7638 4841 5953 944 7907 5468 321 6898 8222 5022 4363 7135 9263 9686 3576 1360 4881 631 9837 9758 3775 5406 8487 7428 1588 2519 6009 9916 2255 9043 1359 4913 6441 7293 7786 4753 4658 9083 5213 1718 977 9191 3815 6705 5670 6642 4185
48 9949 8841 7273 653 404 7679 6054 4094 3993 4690 3482 8933 3714 8916 2638 3102 5629 6039 9371 8994 4715 1313 9311 9098 3671 8655 6172 3595 1470 8565 4822 9718 8638 483 8505 9676 6278 8148 792 7709 6164 6535 9467 9401 9130 6347 30 8062 3590 9156 7585 2356 3230 7052 981 5310 5559 537 4128 1987 705 6561 4810 6182 7892 6171 1302 227 4165 6077 88 2073 2541 1617 4306 871 4172 6586 3478 4693 547 9289 1367 7458 9345 7092 7814 6856 9557 8979 9640 8250 748 8353 1570 2716 1867 6872 5798 9050 8665 2515 1106 1891 7041 907 1573 4032 4309 1772 6382 7841 568
49 2275 8064 7585 8833 2348 1526 4884 3075 1448 9796 1153 8780 3869 3333 3690 873 7807 1982 9225 5157 2161 7103 5168 5509 5294 147 1275 7174 4187 6033 7851 3737 1862 1790 4646 6159 6210 4876 8963 6812 4997 8512 2793 8515 9955 6886 1165 8053 1461 8792 9321 4371 9474 7094 2579 6690 1545 750 9525 221 9776 4460 7252 7227 9896 7588 289 5792 2940 5665 5050 5007 8956 2538 1453 7425 273 6491 5520 2563 3521 1719 9065 492 1738 8134 246 904 4051 6235 2499 8614 5975 3790 375 1752 3151 7371 4101 8707 2487 9193 565 2634
50 619 8565 1570 7529 5187 5854 4007 5718 6102 7461 1314 1618 7110 9196 3085 2798 3443 4786 4069 8947 6920 814 5782 9210 252 627 9318 9853 3151 4708 4448 9909 456 9871 2347 1046 679 7735 193 292 1771 3766 8434 7245 4112 3700 2528 5831 7562 4774 151 6150 9911 7462 7171 8017 4709 1604 4671 6091 2337 677 5462 4268 509 6043 8421 5963 7137 2003 6425 8181 3662 3349 5764 3243 2544 8730 6084 5114 4791 7871 2872 7574 8310 1036 6110 2126 3854 9980 8752 3948 3101 6874 6646 7655 5257 8417 1713 1725 8142 3597 3625
51 6122 3769 9685 7237 7445 4174 2031 8723 1316 8714 7765 3921 7864 5298 4211 4001 8350 7967 6801 4042 3723 8022 4398 2514 5228 884 5429 382 3979 43 6521 213 3330 3853 6807 9363 6888 4329 9213 19 4765 7615 3024 7127 4299 6846 7025 2409 2798 4769 9228 4713 2384 5538 7099 4156 7361 1255 6184 4280 1918 6010 9720 5861 5925 3591 659 4969 9812 2996 4316 7105 3022 897 7754 7093 3316 4135 2222 8299 882 4037 2295 2012 1143 8378 4314 2123 149 5203 5282 1979 9254 7790 4454 7234 5187 1314
52 597 7658 6868 2094 75 1656 883 1484 7131 6477 64 5336 4506 7411 97 3959 6047 8993 1427 1569 8487 1469 8169 553 8861 8776 9138 3195 6140 5669 6071 4841 1109 1996 149 5744 6474 8888 2397 4606 1209 2738 437 3769 9952 123 2195 6272 6395 9736 9809 4212 8901 7540 4898 5826 6383 2330 5654 4696 9505 7709 9746 1747 6554 3823 2631 8859 5593 6275 438 9119 5765 9269 9104 4602 9480 3610 6154 3024 2382 2600 4576 8772 7983 9019 1876 7894 9636 6486 2812 2049 5577 62 5890 2878 7486 7968 2996 5710 9920 9924 7445 8240
53 4889 3774 1966 8088 4730 2219 7945 692 8179 8819 7045 9020 3602 7138 3811 1846 4308 3543 590 1350 8192 5565 7787 449 6486 3640 2245 455 2459 2453 4461 4196 7368 6483 9742 609 5017 9534 5971 6075 2159 9482 1623 9493 88 7561 187 2256 5173 8359 220 5868 1819 2045 4979 7889 3517 9472 7279 5929 6461 5018 9792 2440 1401 8046 4846 9150 1972 4448 3642 7495 5429 3488 8755 1426 739 8461 4503 8180 5006 3793 745 3107 3158 5320 8915 9685 2931 6821 1374 3899 1566 6250 4806 6314 6624 7942 6478 8600 4454
54 5753 8330 5508 1655 8829 9607 2765 7534 6099 7875 2432 2982 4805 8903 5558 433 2279 473 2160 6077 5153 2314 8289 5405 2900 5637 6064 8397 7101 7417 2410 8768 7456 8147 8683 6095 1680 4189 6040 5883 9099 2694 8463 8320 1576 1911 5350 9113 8077 2031 7959 730 185 6201 1740 7623 4140 9709 3457 3643 5854 568 5711 7200 8259 8694 3366 2582 612 9488 1183 895 4760 8058 715 2717 3857 573 7473 1005 8352 3017 6824 6146 230 4116 5860 8765 7841 7056 2597 2353 2896 2092 7961 8528
55 4891 2044 4845 3502 9296 9721 6469 213 4968 7437 5539 7213 2849 8199 7332 8682 6301 7576 5316 8814 4767 705 6531 4977 8960 6951 7023 126 3413 6866 4099 4231 4194 5292 6256 7922 1127 2935 8616 8020 1794 6696 3049 8027 6535 7721 8431 2843 1747 4969 7510 7892 4554 4732 5528 121 7157 7115 3708 1691 377 4904 3034 5810 1314 2170 1856 4799 248 1010 7676 6650 5659 327 5233 2666 7202 6738 661 7030 1953 8581 9516 7465 1364 6179 8693 3612 2168 7335 1478 9675 5003 1382 69 960 3451 8148 7925 4760 6526 4301 2279 7778 9695 416
56 329 1624 1431 9144 7598 4340 904 7103 2018 7155 8392 3309 6295 6237 7303 9521 8604 6165 5030 3108 9043 9226 9153 4045 3350 6736 3590 4743 384 2452 2156 9348 811 4431 5348 5950 4609 7705 3160 7138 627 6137 2095 9749 7336 1104 8596 852 9247 4857 4024 6880 9568 6308 4136 8112 2739 795 8610 88 1553 8588 6860 3574 6417 5523 3894 8191 5370 8118 8478 9128 3517 5408 4497 8760 8459 1906 5960 3719 6294 2773 1911 4781 7301 2637 5286 9494 8511 5356 5449 4905 2263 6754 8424 9260 7766 3937 7305 7449 7716 44 1242 2090 8199 5277 5848 3083 8541
57 640 5266 3082 9851 9465 774 5213 5197 9866 8939 8602 3741 1466 1200 6390 7162 4465 890 5514 7195 3410 2775 3788 310 4707 3243 7883 6998 2875 5619 4252 9199 9010 4539 4884 6306 775 4572 7894 2422 8422 9479 2071 9297 6844 3218 1098 5417 4092 4711 2594 8476 2577 5474 2915 4015 2636 5366 5131 6344 2179 6445 2965 553 247 3865 179 7761 6134 6022 8856 8442 8952 1511 9767 4178 4762 2440 6661 6015 9549 7234 8621 812 2155 2817 957 8913 3545 5010 5465 3874 8465 3343 3297 9181 5549 7456 6402 1571
58 3519 2322 1947 8465 8036 6124 596 601 9428 738 9980 4926 3068 4810 6808 2435 1842 4720 3999 4472 5081 9095 3674 3009 1394 8430 3140 1951 2864 8162 4968 1752 8734 5882 4580 4343 7213 6270 6009 2 1587 8104 3195 3601 2937 9691 3457 9573 7066 2136 2337 8557 3092 5727 5394 9329 7090 4064 682 969 3448 2961 5651 2872 2279 7852 132 2828 602 6118 4789 2850 5294 8407 7142 185 3059 9679 6245 4449 1814 9484 6198 291 1533 993 6721 384 3540 5660 7158 1035 2958 9312 5334 760 5262 1226 8240 8959 9075 5743 789 8138 5196
59 675 6882 6803 3266 270 4286 7050 8278 328 1467 4041 7320 396 9448 5638 3691 6059 2931 6243 4075 2942 7402 1587 6255 3748 7618 1745 3928 3105 7370 1754 373 9585 9841 7399 5356 2411 1459 6278 5213 3477 1454 3172 8707 3941 4039 9562 9929 1410 6401 7585 9716 2838 35 6773 6333 5725 9371 8135 7678 346 9261 9498 3362 6734 3746 9801 178 4290 8234 3597 9934 4489 3832 228 7588 4365 3454 4511 9024 7181 6719 508 3211 2147 9237 523 6215 6302 1155 3640 207 8949 6484 6983 2607 3082 8869 140 5558
60 4509 2424 8289 9485 2145 5743 9256 4637 3069 1443 8895 3843 349 6202 3454 9063 4380 9958 8789 4936 2886 8421 7809 2298 5026 212 8379 9538 4424 2729 1430 8083 7348 2370 3708 5078 5341 4635 2435 9541 4373 7785 7117 8253 2515 1286 4059 7831 6280 9966 1796 1249 1609 3893 6294 283 6080 1629 7298 699 7001 9876 7829 2233 7937 5183 6002 3217 5801 6689 977 7141 6626 799 3150 875 6818 5374 8768 7663 2097 2734 6486 4556 7435 6798 4733 2890 8993 7406 6112 5825 5920 8908 3968 1182 560 3560 6175 3302 8880 9605 9371 7536 7043 8806
61 9636 7436 2435 9861 8346 1410 7734 8922 4310 6297 1419 4672 357 4497 2699 6412 4426 7900 554 6274 6547 5337 9104 9863 8655 4020 7597 1062 9662 1523 7809 8795 8524 1941 2735 7352 2742 6890 6186 3316 7872 877 6559 2161 2028 5280 9990 4668 5512 3350 1161 5188 3221 3445 4177 7140 2099 5752 6233 9932 4790 1843 1588 524 2186 9000 7917 4962 2388 5029 535 4988 9660 871 2609 7649 4766 116 5928 2145 9348 7256 7845 3182 2446 6905 6303 4599 1216 847 5639 9930 6866 349 8198 1269 4526 4781
62 6320 4696 1938 3835 4208 407 6783 9309 154 6847 4748 4919 3048 980 6666 451 4055 4000 4678 3203 7126 8816 2838 5243 2420 6679 5383 3283 8210 2295 9919 6324 9272 9743 7670 8431 6169 3984 1370 3034 5558 5921 7233 7303 692 9587 675 9100 8918 1494 1103 933 2939 2809 148 6660 4581 1106 4072 112 6336 8217 8140 1411 9901 8839 2121 2395 2329 768 4178 814 6166 9211 7479 5536 2641 4517 6170 7346 6566 6152 6555 324 5680 1085 7642 5093 5608 4416 8574 3370 1806 7835 1903 4931 1046 5682 8231 4482 3455
63 6106 9868 5947 8793 6982 3953 9622 3167 8742 4984 9719 929 3758 6085 3489 7533 9720 2091 4252 8291 9256 1044 753 1551 3644 9324 9327 9024 4570 6296 3023 7450 1805 1695 9100 2368 3230 8520 4486 6438 6326 6684 5870 5533 2525 8629 2127 2993 9873 2563 6962 2626 7579 104 2998 1438 2817 7854 6605 1213 9380 3100 771 4129 4554 7683 2824 7409 9795 4701 5168 5994 1509 8524 8305 9529 2604 4420 2690 8748 6381 8040 5300 6593 9070 5698 748 3276 3275 5640 9071 6806 9 9753 2504 7244 1152 8461 5458 1456 8042
64 5891 9314 6289 3551 1617 3930 6232 5481 7907 7022 7357 4872 818 1709 1029 4426 8604 827 7092 2829 8483 404 3332 8222 8606 5196 8792 3862 7945 598 8202 6613 262 9805 778 7174 1525 1527 8175 8862 3998 3210 4238 7090 6924 9013 7286 4174 861 590 8345 3180 6399 6986 1678 56 6887 8004 9598 742 8634 8201 7332 9399 2872 2931 802 7326 4387 4133 6096 5557 2964 2336 2158 8108 3571 4306 7840 2365 1683 7955 7226 7636 9830 492 8615 4566 5687 62 764 7133 7667 681 4118 5546 8352 5545 1629 2461 4354 5827
65 9101 421 9935 135 9727 3935 2004 7743 7871 4962 5444 463 9541 3359 4733 6444 4088 2029 964 9977 7164 9038 1409 3795 2097 4036 4743 455 1498 7882 371 260 1867 2828 264 5539 6825 8562 9849 3405 5012 7558 9824 8731 8137 2753 7480 7496 4420 7576 2510 3397 1007 9738 4977 274 8615 8753 6720 361 838 9627 5930 3126 7838 8625 8524 2930 1067 4622 3159 7930 329 359 5423 6315 2463 9129 5315 3613 7041 8013 4730 1598 7984 4995 3212 859 4714 5689 9900 8356 8138 476 7415 3808 824 6579 8090 9288
66 3988 8365 1967 7519 5754 8538 3055 2898 4609 6225 7490 9826 9474 2877 6650 8668 340 5962 5299 6047 8134 3871 3893 1271 2509 4266 7488 550 6405 6632 8211 1974 8477 1624 1028 1721 6567 6145 7905 6462 1267 6825 9367 547 1047 801 2412 8560 598 9309 9322 7690 3182 2235 9005 7717 2908 8782 987 8061 5902 4518 96 2020 163 5624 5920 6970 2461 9946 56 6271 9542 5007 1760 9090 7765 7550 2149 3358 1341 5416 1461 1220 9236 2849 211 9805 4422 3109 8711 6308 4714 1583 1522 1134 5710 9836 7599 9693 7086 5840 664 4471 9852
67 1993 2797 9258 5695 1063 4999 6868 4156 6463 358 1002 5888 5977 2903 493 3897 2307 4733 7512 9425 4248 6617 7119 9737 2919 6477 6486 9200 7770 3678 2291 215 3358 1035 8136 1892 944 2361 9642 4434 6209 2267 9062 8875 6415 1073 7413 7747 5015 9198 459 4825 6608 8125 709 7409 1386 7525 2004 1698 6610 1546 7315 3848 1365 5282 5436 1227 1854 7018 9681 4421 8642 6574 9787 7816 8317 4431 9239 1927 6116 4078 2938 7979 1537 2191 6466 2052 2547 5099 678 4262 2300 6371 5308 9623 6402 757 3176 2725 6682 4187 1060 6986 5185 5156 2701 4562 9320 7754 5401 4062 9300 3314
68 5337 5224 5555 2849 5168 3180 6435 5770 2226 9395 6632 4001 4180 6187 3477 7830 4386 3433 8661 5574 9646 6000 8641 4822 4566 1781 9505 9183 1880 184 1205 9191 9294 6984 9231 2624 293 5993 8161 9795 7947 2878 5435 6299 1712 5399 7388 2750 5769 97 3442 8931 1121 496 1245 8796 7001 4648 4506 1194 748 3599 8139 7603 4597 335 6053 4790 1811 5702 3277 9826 4344 8276 652 3743 6660 2305 3944 5898 6242 5816 9563 6044 1022 4579 2259 8486 5281 7282 9598 3650 45 6855 6550 3900 9590 1801 6252 9439 3579 2456 6922 1868 8048 3324
69 8791 5595 715 5007 7902 2002 7535 3856 6192 2673 6810 4682 5327 2832 3559 5672 9092 5996 2099 9731 3705 2029 3136 6612 5902 4325 9658 1576 4998 7446 4832 8883 2546 3819 9782 7532 5463 6740 9899 9988 3943 4791 4006 212 3229 8700 6506 9171 7829 3651 676 8329 8287 6512 8252 3557 8162 2481 8701 6741 7493 2288 9583 8824 1730 6092 6066 9160 6697 5825 5501 6237 7081 3791 1469 2682 2647 7780 2619 7760 89 5515 5058 2720 1133 9073 4546 4413 4219 2663 5183 566 7904 3444 8148 5204
70 4841 3128 2937 2769 5494 1781 2584 1262 3289 6904 1653 3764 6946 7101 6288 4180 9277 7503 4947 7841 992 8260 3450 5703 9205 4139 4134 5300 8891 4518 6160 2344 1625 6537 506 3573 3139 5285 6644 3852 3494 4 4731 1252 7267 3647 3828 8530 4398 8959 2363 8733 8461 2814 7417 4418 2869 9923 4897 6704 3114 2461 2027 6740 1286 6791 1451 3638 6421 4642 2104 6015 3824 5140 3377 4949 3983 6728 8256 2936 8317 1987 9215 6920 3842 4117 1304 9377 4784 2324 199 7748 345 108 9765 43 1608 3063 9204 6845 7518
71 7021 8203 43 9972 1887 3443 8506 2320 3323 409 3216 1143 5664 4808 8780 6847 1437 5682 4653 7211 1117 3809 3019 6692 3614 9312 888 2287 6061 2248 4204 5396 3933 9133 6739 9162 2023 9853 452 6137 7531 8965 2700 8369 6985 7415 6502 6555 8830 4299 5926 9212 5041 3102 3389 884 2245 6188 6200 7127 7362 4846 7409 1534 9974 6729 1963 8073 7944 6109 5656 6052 461 1114 5305 2193 9092 9812 3700 7313 1710 1453 4177 721 1606 1889 9423 3649 9049 5593 4210 1729 1700 3209 273 4107 6969 4901 7858 9488
72 5004 7703 3550 1808 2039 7509 2397 3806 4474 474 4892 9511 6263 4903 4835 462 5038 7274 4437 3470 6296 1428 4905 6312 234 9340 6075 3097 6987 9015 6342 9827 2297 4923 6958 460 7758 5525 7241 8220 850 7425 2958 3607 5819 9499 3386 2709 3184 1642 2627 4310 7507 4354 6440 5041 3104 4272 1670 1622 7544 8860 7205 3328 3818 8435 7405 9310 8959 5049 9031 9547 2980 7038 6327 1773 9669 3329 5847 884 6304 8953 8438 9972 3845 7538 3306 6911 8434 7280 6455 3123 8780 2622 122 3038 9748 2285 9219 6070 8841
73 8098 3343 2979 8137 9995 996 2471 865 4718 7158 9073 4554 4997 5261 9761 4454 5589 6289 9027 4539 879 2906 6229 8932 3678 5496 1730 7021 3613 4132 6466 5742 6646 6886 3240 7959 5416 8762 6715 1493 4964 7725 7974 6613 8018 7843 9096 6747 1678 6900 8959 4375 9145 8842 7842 4523 1472 9320 423 857 175 6816 2236 2379 5791 1024 6572 6981 2677 1526 8691 5161 4800 4854 1188 2990 1067 7212 3341 2992 3724 5102 7992 6401 1118 4357 8407 3783 4921 6162 59 1 5398 8036 5453 5391
74 5160 666 6676 7819 5549 8924 2554 4581 8862 267 3828 6770 2640 343 8584 4616 6262 9149 2759 9217 8546 9250 318 6442 1304 628 8917 5408 4296 4671 319 5514 477 6404 6936 6150 792 256 228 5647 3186 1700 754 9740 1431 6945 6712 7427 6925 3556 9154 4777 8176 8178 1290 1123 2344 4534 7569 9649 4393 3134 8211 6855 6589 1646 4053 7255 4463 1296 6036 2812 6857 3544 4028 5212 4486 8525 8429 5836 5502 4977 5149 9788 8349 3060 6541 8039 3328 185 8408 7001 1876 9312 5949 3117 2431 8542 7669 6141 3257 3125 7710 9230 9468
75 8421 5083 1632 1791 3095 1665 4976 91 1497 1216 5681 4732 7655 9966 17 737 7221 6984 6566 9908 4290 3598 6133 9953 7203 5966 8561 9752 8239 8870 5762 4869 439 4941 5173 3539 8594 8838 2738 7628 6392 3551 3116 8208 428 5826 4463 7666 8588 1538 8483 8500 842 9732 6638 5232 796 3300 1399 8493 814 2093 8754 6148 9408 7846 5891 2207 3958 4935 3873 6928 8908 9795 5024 9640 8938 7330 1806 7368 2016 8896 4777 48 4546 3793 236 9871 1809 7371 6440 6876 9788 2903 7145 3621 2860 1475 8428 7752 9949 6315 9093 4724 5628 9998 3331
76 6806 7832 3637 9004 3535 4118 9845 8139 1246 6265 2549 2849 274 1690 8676 4122 8546 7114 5230 149 996 4673 6100 8777 8636 1546 428 5163 2279 5450 5382 1710 4994 2964 8924 708 7239 1543 1463 3099 5703 130 2126 5713 7929 6955 104 9816 3643 2225 9924 5616 2873 3308 7154 2757 6562 9290 6215 7281 3463 1138 4514 5953 478 2193 1240 7429 7371 5376 471 1813 9673 6685 5427 7753 4613 147 5548 9427 7152 1906 6079 869 8370 8379 5285 5525 8261 1561 1119 800 8017 6645 8665 3560 748 6317 2500 5248 7219 1911
77 6564 7138 9734 8400 8121 734 7721 774 7914 886 8591 4478 4054 98 2100 9728 4257 6346 1105 2313 8579 3877 6545 4030 8503 7529 532 8255 6432 3575 5084 820 205 1359 8198 4989 1419 4409 8911 3555 7546 9182 6812 1677 5418 3865 1291 4281 4075 1088 2011 905 3681 6524 4940 6661 6491 8722 6598 7361 4280 8139 3541 5791 2729 5066 7244 9388 7540 1411 489 8281 1907 1227 2627 2364 1534 7837 8393 3290 4023 3496 3736 2349 9455 4714 5541 5396 6408 7588 2951 6736 5337 6907 7031 193 3563 7184 6767
78 3122 9961 275 1485 6340 2930 5439 6020 9955 6372 3532 838 9814 1147 5585 320 8542 8445 6779 2435 1864 8977 7665 5416 9663 5144 9987 5148 7166 8072 7902 2415 6241 4479 6213 4784 7482 310 6954 5909 4523 3801 3807 6556 4563 1649 4790 8198 8478 9453 6664 511 9787 2191 6768 4477 6296 9838 287 2957 2345 8412 7369 6799 5514 538 573 661 2948 9039 9916 6217 1191 7395 3259 7368 8633 1505 2817 1016 9450 3226 9109 9942 9417 5606 6605 1207 3891 3495 2041 5546 8191 6505 2279
79 3390 5949 4664 2957 9511 352 9937 4449 8250 6288 1940 3389 6759 3166 6324 9899 7828 3013 6390 0 9796 8315 8334 9050 8017 9830 4014 1088 8741 3795 8449 1696 5968 5100 5205 1427 2629 5073 1390 5483 9754 5497 1650 9716 3889 2758 9546 5284 769 9372 8975 7790 2396 4696 5352 5778 3003 1917 7762 6284 7843 1136 5884 502 4724 2361 2703 8084 3561 4681 1440 5023 601 5785 4253 3006 7034 8634 7687 5883 4993 5252 7451 2539 3033 1709 7383 6281 2797 6069 2132 9206 118 6349 2963 4235 773
80 7668 3850 2159 640 4635 3839 7331 2250 9145 6548 770 8547 7173 3995 9038 7669 4812 5952 8180 3333 3750 2144 1220 2685 517 1353 8646 3751 11 3889 7722 6278 3563 824 6310 504 8498 1305 5729 1853 4252 2212 5862 271 7299 696 4073 8144 9050 198 3543 424 6016 9954 1891 1862 8266 2989 606 387 5578 2213 4960 2061 9398 2176 527 6167 4853 6754 3046 4908 2788 3700 7175 9208 1370 9615 402 8110 5388 6027 8112 917 7115 7009 1351 7122 9509 6276 4673 9100 3842 4163 6266 6951 4336 5707 832 8242 3833 8331
81 6377 1369 7051 4884 2068 1512 6273 7933 9584 133 8498 3451 6601 8220 324 4857 5081 2960 1735 6294 2271 6490 3303 3106 5131 5035 6230 3770 4500 6958 7003 7842 3730 5293 7826 5027 6627 7007 3098 2722 2363 8195 2330 6429 2574 5255 6201 7280 2662 2953 6224 9825 9908 8129 7493 8132 411 6111 9048 1439 1494 6120 608 5372 8566 7577 9381 4863 8833 2733 1461 7065 9271 6504 5752 2107 5106 6970 6760 8914 2547 7952 8361 3062 6526 2348 6331 4553 2145 1752 8525 7995 3458 8880 9998 4674 4186 207 7180
82 4076 8001 3609 3267 6593 2038 8822 8509 7603 9558 851 4353 8497 7477 1531 2979 6010 5783 5099 2659 7971 5941 3180 9518 9316 8873 1381 2996 4224 1066 2103 3809 6917 6119 3893 5597 7338 717 1432 7426 2067 2415 2973 6451 3139 985 3022 9913 9232 9049 4851 9824 3949 404 1026 858 2447 3012 2359 641 230 9277 4077 4560 3794 9555 1024 5418 6327 980 8010 1339 3511 577 2833 407 9036 4321 7664 2213 455 2874 5635 5934 1923 4848 5401 6527 1921 8523 1511 7373 5 2800 1922 2579 3555 4423 3856 5088 2642 9063 6845 8938
83 2270 5260 5148 6163 8910 687 8395 9313 5411 6611 8423 745 9859 2306 3973 1684 8268 6967 2848 1781 3846 8554 9732 6552 8242 5731 7342 7945 5749 3224 9557 8719 8648 7920 6191 5525 1943 872 4983 4445 9166 9159 3906 9191 8562 6555 8455 7663 8958 6233 3415 1585 751 9294 3150 851 266 1044 5444 9289 5441 6388 4573 499 4450 8421 1138 7676 9140 3782 7196 9349 3735 5424 220 7430 2446 9057 8082 7105 3890 5305 7510 6169 8168 1811 3871 7726 2579 256 3881 1091 2573 3609 3988 5890 4221 2403 1082 7101 6891 4037 5606 6863 1381 8
84 6448 2468 9618 7336 8312 8225 9920 2012 6433 647 4584 3745 8451 6678 6353 9723 3040 9636 9432 7383 826 4355 4800 7583 3587 1509 7484 2629 9261 2470 558 2727 4242 3753 5714 1670 5037 1163 7760 145 5930 7055 1384 6804 9668 9274 547 9611 325 6371 3764 2948 1855 5270 784 3402 150 9067 8011 7864 8721 3627 1647 8889 5969 9116 3831 1223 8274 7168 8484 824 4362 468 7229 6276 7134 8024 7737 1525 2757 162 3651 6771 7531 9793 4831 8134 7218 3687 5489 4155 9145 4693 3547 3683 7695 9908
85 2892 1188 2895 9191 4887 6866 9787 3803 7775 1405 5842 9709 6245 8748 7035 4299 9088 1967 8354 6234 2584 2 3254 9614 4755 3650 5658 986 9747 9203 7887 6635 910 5418 7142 3973 9547 4812 4202 4088 8477 6740 806 1262 8861 301 2826 2767 5172 9539 5385 9245 6506 8192 4761 3314 698 5810 1232 3575 1151 2163 1409 1626 7203 1572 8221 8562 8596 4261 3599 2374 9063 835 8499 6199 6554 4737 1472 6064 11 3434 3730 851 9920 3124 9400 9416 1135 2095 5667 2552 3194 9773 5553 7576 2771 8898 3982 4273
86 4905 8981 4723 8352 1024 3541 5070 6302 3882 3599 9923 8920 6607 4147 8447 4055 6710 9957 1275 5791 4995 898 1176 5258 6757 6609 5001 6580 9759 5194 9855 3259 2404 8750 1891 4574 6836 3185 8231 3117 2675 5143 2960 3592 3945 8483 595 6339 4521 238 3002 7418 1533 5497 5832 4784 2127 5310 9011 3020 5078 4400 3841 1635 8840 1802 260 3450 5866 9462 9666 1372 9624 8287 8263 1841 1579 9993 3693 730 2864 3186 8465 9198 5205 7747 1112 2618 3222 7886 2225 4020 1151 9092 4581
87 9938 8255 3399 7595 2193 1399 7646 10 5909 8804 1057 4234 231 6349 2402 5076 4463 8355 570 7381 1115 5354 8261 2420 1812 3820 4976 1970 8803 7728 6931 676 3535 6438 594 2511 5315 8856 2538 6283 2176 7804 70 5399 454 2920 9656 5845 9609 1017 9738 8035 9452 3438 6598 8237 6891 6752 9945 9111 6398 6985 1841 6971 392 7099 7670 3386 1042 4488 3067 6435 9162 4334 9158 6934 7334 5359 8731 1936 5166 1942 7638 5659 3004 9648 1255 9563 6638 6661 1002 4789 5586 6810 6302 8494 1767 3453 4083 9126 8279 3081 2462
88 231 7793 6924 7953 8988 4732 1776 2596 6485 7165 9284 7237 1758 8384 4759 6491 4837 7357 2574 4461 5280 6683 5624 7892 32 1492 5179 9267 5260 6767 9737 5296 4034 5533 4723 964 5809 6938 7090 2762 148 5826 5750 407 9618 8082 3841 8911 710 8292 5953 5187 6105 3223 7492 2612 68 2635 5409 9366 9576 1821 9622 8849 5424 8908 4132 8831 6089 1028 5824 5550 926 8768 7534 8642 6869 4705 6347 2464 9554 6742 2279 3523 5242 1344 5571 6073 1311 8157 5869 2860 524 781 215 9932 9518 7550 5784 3260 4482 5379 6690 3416 6290 5909 2970
89 3322 8624 6766 1294 9688 7371 9583 452 2742 1623 4161 9885 319 6725 6547 3642 1459 4250 2556 4169 4780 1475 4858 8502 1175 4210 5796 7022 3638 9166 6945 2934 1842 8959 8576 9344 6587 2634 5280 1078 8059 6546 8647 9264 2997 1351 3447 6758 6110 8179 3900 1142 714 8081 8464 3162 666 8580 5801 2157 5623 6077 8648 953 4127 8485 8152 1096 8531 7750 8807 4487 5429 9434 3052 370 7287 1557 8274 9022 936 4332 1602 920 6359 9339 145 8944 8120 6952 3414 4597 174 5111 4948 2838 9397 699 9272 8691 6832 5657 3680 5921 5099
90 1943 870 2298 1866 8394 288 741 7413 2241 7583 361 7531 7784 4363 4800 6955 1215 3890 264 4988 1735 3970 6132 4112 4568 512 2148 7403 7317 4475 1568 7140 9609 6703 7119 7707 3164 5167 7239 6080 4685 2554 5491 2059 9456 5206 6742 4970 5040 4625 1472 9158 9906 7930 8830 1497 2628 4362 5865 5610 3978 4469 9082 4991 8130 4867 7122 3182 2909 4782 2269 7841 4153 3179 8874 5387 6750 4823 9757 3984 4517 8766 1864 4711 4810 6309 4607 3087 9287 8343 555 9119 3140 1234 5617 6088 4772 8268 9314 6666
91 2283 5438 3667 5716 8657 9067 2993 9544 4462 836 3512 6109 6011 4007 1946 7529 4992 522 8833 6716 7109 4733 9751 6836 5940 5874 6986 7714 673 6624 3380 9532 1024 7104 4626 6375 8600 2298 3833 1178 9131 6679 440 1438 5691 4830 3770 1875 1371 3114 2698 4543 7026 4586 6460 5643 4722 3107 1466 5062 9078 4372 8473 59 3069 1457 5808 6016 8021 2343 9057 2563 94 6265 6250 6296 1796 2970 6064 4940 9702 8381 4436 1030 6695 3696 8312 737 9451 9510 666 2782 3694 7721 2511 454 7545 660 3298 7972 6846 8539 275 4964 9623 5447 1540 7127 5436
92 7383 9404 9789 4508 985 5290 986 219 7561 2909 778 837 7721 687 681 7855 5880 3254 613 4865 8609 1491 635 5854 8194 922 4665 5804 8714 9761 4809 6476 5917 1309 1081 4427 8704 7304 7442 8863 1336 3007 1435 2676 6774 2401 43 7018 6391 6810 7704 6016 9496 8638 4265 8223 3514 8395 639 5141 9857 6381 7134 4654 208 4417 7105 8117 592 7945 4615 2552 7813 1951 6728 4181 7437 2963 4633 5815 9913 3734 4454 7338 50 4384 3958 2030 2053 7946 9373 2742 5207 1218 8552 5898 5152 1198 2881 9909 5146 1953 4173 3506 2684 8437 5599
93 7876 188 2025 5461 1470 7715 4199 4175 9745 4995 735 1033 5462 2740 968 6749 8812 5296 6268 2894 5573 2073 8084 4188 984 5035 31 4480 9092 2370 1925 7951 6134 9375 6170 8369 5997 3112 3470 6764 8685 7669 6115 2444 4213 8281 7493 8039 5542 5010 3969 6258 8168 7702 713 6157 5712 3181 4962 8921 7945 719 5300 1141 344 2082 9372 140 4290 8350 7054 3539 6451 2724 4749 4406 2275 9529 7595 400 7105 7241 3088 6052 3649 4615 3163 8063 88 4852 8082 2314 7016 5200 6471 6071 9647 5584 6300 2378 8965 2428 8490 4177 4861 4452
94 3927 293 6152 590 732 3323 8336 930 805 8912 5333 8778 9032 4879 6761 7377 9352 3105 7395 2950 7168 3556 6129 6069 5397 8442 3552 6058 8300 9030 9662 9247 8365 3017 3878 3911 3093 5839 2182 7530 7917 4048 7274 2826 7006 1253 4347 105 6813 7679 7098 543 394 1857 3234 2306 1555 1887 145 8504 3753 601 9338 9134 9583 350 8128 4029 2812 7070 8676 6128 7297 9101 2829 3129 3721 6374 9734 9179 8011 1738 218 8001 2337 8083 4098 7741 8289 485 5958 9573 3527 7717 7251 267 5658 7103 3975 3575 6265 4464
95 7352 3280 2079 6096 1501 2936 6742 9298 5792 6469 5479 1431 277 9000 9867 9829 5795 3819 4911 1275 8048 5354 212 4972 3366 2687 7157 3122 1796 5973 7355 7458 8211 8772 3219 808 579 2232 5801 8307 7035 9393 3041 2882 7625 3228 1000 1655 2454 2883 820 2327 7889 96 9683 347 2553 6425 6820 3677 9892 6521 7979 6787 1175 8960 3503 5459 5065 8791 6580 1903 4098 9720 4561 5674 9904 3938 5295 2199 711 2345 5244 3117 6282 346 1738 8554 8938 3498 1443 7008 4959 6709 775 2894 714 8497 6938 4290 6307 7222 7409 9140 6098 8668 9669 9689
96 8551 6289 2210 398 8375 852 853 4612 2189 5081 6348 3695 9216 164 8682 5570 7281 2647 8008 7253 6949 319 2387 2490 4679 1953 6324 5699 9298 645 800 8162 6551 1938 8114 8404 4063 7033 5463 56 2592 9096 3585 3618 8714 7277 4047 6367 4386 931 1310 5040 1091 932 9730 8959 9586 6295 712 7531 449 3018 8175 5011 9703 6336 9839 468 7666 5772 7298 7193 7058 5898 8183 3093 9071 2392 633 7167 4891 8808 7929 8983 204 3673 2549 7357 3970 6655 9836 215 7029 9148 3100 2499 1786 3891 8263 4231 9962 7429 6830
97 4830 9920 574 9289 2245 8623 7819 7853 9331 5287 8747 2137 2050 6354 8308 6092 2244 5761 7809 2632 8579 9556 6103 674 3647 8441 1388 5248 3155 8958 231 9607 7341 7106 1906 8642 3094 4412 433 5497 7185 6949 3605 4521 8722 2422 5507 5870 3898 6613 8959 9995 5655 891 3477 3612 741 1476 7610 8871 4510 3948 6395 3607 4075 3291 3451 1480 8190 8886 1078 1223 5461 1777 5060 7779 6306 3181 4297 4760 90 8319 7676 5275 9005 3203 3557 8103 1062 4161 9161 5394 3995 1813 5777 4133
98 7361 8835 5224 3135 35 7000 2665 8311 5929 6435 6022 2678 6389 1552 9382 9716 547 1911 3180 463 7246 6895 3967 3045 1967 8345 1718 1035 1784 5654 7131 5827 2316 8414 9666 9080 306 7791 5237 1419 9548 5989 4517 7504 1614 5876 6178 5280 1805 5399 872 6740 8699 1327 224 3013 7630 5303 5219 8673 372 5028 9122 2475 4048 622 9975 6193 8067 8115 1589 601 2362 9159 4353 2951 3742 477 5165 758 9237 5733 9333 3320 5190 6736 1031 6166 7060 6885 9185 5653 4625 1709 6452 1687 5225 2650 9519 9128 8613 1746 7500 238 1003 2755 5992 227 1049
99 8461 1453 1282 3691 8356 7781 9361 5205 9388 5207 4624 56 6758 5159 3721 6701 6816 4690 9374 9035 858 5038 5162 3417 7656 8549 1725 8681 8339 4234 8783 2604 4398 9821 4486 7495 3518 6355 1425 433 2627 188 7265 5783 7787 3752 2266 1633 3816 2060 7103 2001 7094 5514 4087 5848 6459 6743 2599 1920 9691 388 7546 5843 2803 8456 9600 9965 8325 7875 6591 8949 5948 5801 4667 5647 9213 6702 6092 3249 8370 5654 4290 8006 9311 7181 991 8874 1419 4269 6531 7723 7316 1645 2545 6663 3327 5187 2 5665 7241 8684 284 5539 6049 9904 1187 6773 1683 2643 5545 8752 2790 6666
