100
0 0 5 48 8 65 2 6 3574 3 1 326 62 83 4 6080 46 51 4549 144 16 7 447 108 208 250 1183 470 19 34 9 1215 356 896 1502
1 0 286 571 136 271 9 2173 4 14 34 54 3 701 16 66 1687 374 5511 41 44 8 344 7033 135 78 2298 12 107 1143 665 794 292 1 28 199 859
2 1 232 0 10 1401 28 398 6166 39 1703 95 36 8 4 22 108 2 7797 6544 1593 6 7 92 978 5 19 199 4226 157 72 11 135 47 1014 9 185 3403 252 166 3244 15 869
3 23 5119 68 21 2 1 7 384 3 1449 16 133 186 609 5 0 1345 240 12 374 155 62 1944 19 1250 17 672 4 1035 347 356 183 8
4 170 720 1 25 9946 256 168 3 8 18 56 9 1959 0 2 1434 31 638 4 6748 12 172 2279 118 1588 27 22 6 2004 503 6271 2458 32 229 176 138 621
5 83 358 2163 150 1 1096 0 4 6 50 6939 2191 15 35 6527 13 39 86 33 20 68 149 26 2848 14 11 3 2 186 457 56 316 7253
6 12 3775 781 1256 9 1697 1 3446 2 4 0 308 370 344 239 34 1823 169 5 222 1354 184 83 14 302 1345 46 18 117 131
7 0 7 313 19 1135 6890 64 1 2 17 3631 44 238 309 140 468 3858 111 773 2096 9 1156 6 1606 1255 10 6329 25 308 3819 1143 49 107 27
8 2 3 4 565 18 808 1 0 229 163 540 6 225 3158 9 503 73 509 88 11 92 1329 27 5 54 918 4148 51 419 94 1187 206 8 120 21 2212 1917
9 0 17 4 2 6 7 451 3224 38 3 3505 313 1 5887 8 4551 28 308 12 29 548 14 13 4419 7893 41 22 753 1768 5 1821 79 1364 1850 24 72 1734 164 171 371 487 176
10 55 32 10 0 480 1 5 3 1313 2793 36 464 1218 310 294 6753 846 21 2061 7797 12 302 261 74 637 11 146 52 23 3357 3228 1231 357 5447 7 82 919 138
11 3366 43 66 1 171 73 8 10 0 313 732 12 152 722 15 18 3 27 1288 11 1012 14 49 32 61 96 2143 180 21 25 1128 5 1513 309 6051 371 63 797
12 7267 0 13 126 73 6 1 3517 4 9565 105 6981 412 75 39 2 14 25 9740 201 15 311 3100 16 3 55 142 749 231 539 28 300 841
13 2121 4 2 9 3 1925 4325 0 203 8748 54 24 171 18 340 60 8 9546 1 17 988 289 3765 2565 8057 86 216 15 95 21 5 9553 155
14 0 4187 92 357 595 7 4 211 420 1382 1 5 106 6 26 11 7594 223 1281 2038 151 3 2 163 347 41 9307 210 45 75 69
15 6 114 19 2409 1302 1 0 82 432 357 1104 9 2 43 4 142 32 15 2373 580 2050 3020 5034 3429 278 85 81 23 31 7
16 9 5 66 0 412 585 1 12 23 20 26 266 15 11 69 24 198 329 176 3 4834 4 21 40 41 19 25 196 606 2 8 1350 7 6 65 44 391 1721 82 2282 3996 52
17 0 5 3 33 10 34 356 393 301 7165 1203 1 5788 2072 158 6 87 3751 2 31 4142 960 435 157 215 381 1896 249 817 9 710 4672
18 74 7 34 603 3 0 9 4 6 711 2 2476 15 284 13 458 1023 127 116 73 28 5836 604 11 85 136 4947 10 35 18 583 107 4710 957 1482 2780
19 978 0 173 278 1 52 5865 117 22 2 58 38 23 134 5 100 214 19 61 9 34 101 176 338 21 3 4 14 646 50 406 7 11 789
20 13 59 56 605 2 4 412 7166 7 34 5849 2148 91 12 336 217 1 22 233 0 496 5 350 141 2624 137 126 6141 2713 120 148
21 2514 122 10 20 619 2187 2740 3 842 3140 0 1 5 56 35 7 2859 2089 82 146 87 2608 184 2 11 9 654 13 272 75 2579 224 8 452 12 204 2433 149 14
22 460 112 37 73 2791 9 56 18 0 186 368 2 3 2430 6434 1 4 205 20 421 542 612 2099 132 907 267 13 8 400 39 143 74 4455 23 336 536 19 199 28
23 0 4300 122 17 50 1062 4597 16 118 63 887 8871 6 4 24 19 1739 296 9 6675 5 79 3 1 129 8 888 49 11 27 7 2300 126 69 120 138
24 635 0 69 2859 39 199 833 9 7531 450 1 48 112 122 19 1005 593 25 4615 529 175 358 5 334 4 309 939 304 2 42 876 65 180 1232 2433 1263
25 0 265 111 2424 16 2675 40 1 3911 3 14 894 12 3835 6 248 479 2 8 4 22 148 193 5 513 6593 2157 1489 227 5278 65 1052 7 27 229
26 4 60 44 1 9 2702 186 3 8 3574 37 2509 21 4859 394 0 888 250 20 6 161 40 13 391 22 11 18 23 16 1594 15 702 465 9786 54 82 155 686 138
27 179 123 197 3 0 726 39 235 38 680 22 752 16 1 122 17 4 281 7 336 31 715 556 54 7243 367 44 11 8 6 15 7225 5895 468 121
28 14 1009 60 5 41 4705 901 482 1100 371 4 13 2127 53 120 0 2680 6 928 4049 178 7 1 29 26 152 234 3 4138 163 23 91 10 8 166 19 7674 2848
29 61 91 0 784 4673 18 368 2639 10 21 513 597 5 168 111 5546 35 1514 137 489 8 20 2477 1593 2199 94 69 31 34 16 1206 56 7 27 52 299 1437 621 138
30 843 77 5 47 2330 16 217 27 10 7 4 14 3 0 19 55 43 26 24 135 215 30 9 156 241 1817 2 74 44 1272 70 123 184 65 1106 1 7753 679
31 2 315 0 42 1 15 3 181 6498 16 81 1510 372 67 3509 53 328 119 2444 55 229 109 24 68 38 1069 6 20 59 27
32 1776 6 25 10 9 159 0 83 69 128 8124 183 56 299 11 1 5 200 2 38 3 184 419 135 2788 5209 631 20 13 4 46 188 468 6604 8 3453 138
33 3 196 15 88 17 1257 36 0 10 2 512 81 156 1105 112 6 4 524 225 769 2312 90 23 6261 24 60 202 380 1 65 1780
34 38 11 9005 5 3365 0 41 256 1 5069 2976 281 3218 9 2 21 1057 16 17 883 4 3 4399 7 144 13 576 874 105 65 869
35 1 0 111 7 139 42 1097 8 5 5515 677 2278 173 694 17 439 3 8028 4444 141 15 884 47 2 73 12 162 2144 386 8713 40 626 8702 3477
36 0 383 9039 5141 710 1 35 119 48 5 2333 597 3 16 2458 9 4 515 14 26 38 10 19 55 8 224 7 953 375 2 49 514 9140 382 1482 28 37 1131 155 6102 3110
37 610 3203 16 6 7 18 0 2 1829 55 3831 183 257 2213 134 23 579 1 2177 44 4 3 120 316 1184 2930 335 208 50 57 20 167 7180 19 24 209 8 6092
38 0 521 14 1 57 3 69 4 21 5 6 2 334 16 3857 813 7 461 37 24 43 8621 5644 1921 23 28 1287 346 727 200 216 978 480 34 430 9 8 1495 869 1077
39 1767 19 0 1031 1 8 4 2 3 86 6 759 257 2577 1697 84 23 41 186 3761 556 5 146 61 7 324 12 849 303 7759 17 5280 1902 13 333 199 193 37 1495 4977
40 19 619 97 105 0 1 17 1299 57 5 377 88 363 93 2 21 157 3251 223 193 45 120 1586 545 1767 9967 1528 27 3 7 180 8 29 860 382 12 14 137 164 6102
41 100 106 1926 1350 5 6 502 0 487 11 3211 19 923 3768 1 13 95 102 17 3839 1579 10 83 4 163 1106 15 503 2 4594 28 68 148 1567 66 38 2400
42 0 2785 291 526 5 3 74 822 2181 4266 77 2 1982 1445 4 359 3734 51 1 20 25 3303 7295 8 39 7 2326 298 46 226 125 3244 138 155
43 9 649 983 258 360 4150 145 1054 78 12 4985 1 464 1827 3 0 162 3175 5610 979 933 3756 26 2938 3483 1832 24 6 142 17 5 47 164 69 977 193
44 2947 6 0 2 27 8 51 143 9212 1706 4 179 235 3634 45 38 740 14 1018 2942 436 340 2024 118 87 55 5 12 3804 11 227 18 19 7 859
45 151 714 5728 7 36 6 3 0 2 1921 566 2961 1 30 8549 251 59 431 98 277 74 46 1089 166 276 2226 534 9 52 1065 84 1446 5 117 139 32 315 356 63
46 4 2 1 0 540 30 862 669 853 381 311 19 6 929 1495 213 5 1579 1300 501 103 3304 70 3 149 306 561 20 489 283 1702 1671 1860 102 28 193
47 1489 6 0 1427 43 1251 17 7 1 8 324 1373 4 12 9623 42 27 95 125 9874 25 2 3 14 24 57 19 243 247 120 31 5396 145 224 1395 5276 155 468 138
48 1 0 9 1192 6 3073 53 419 32 2 988 6100 691 89 3543 6407 51 14 41 117 176 3 150 636 39 458 7 5 24 2824 432 7908 199 1737 2060
49 2 0 5 73 11 6459 3618 10 20 139 3835 5011 1 1539 8 180 217 43 490 491 22 16 235 181 33 739 34 195 222 58 176 4613 199 468
50 256 188 11 251 13 5066 7 2005 867 8 729 90 384 4672 0 2 1 5429 1601 15 498 8932 353 33 2471 8884 3 42 7776 5136 6051 3831 174 5 5463 88 309 404
51 902 3980 652 31 28 2 0 124 5 330 9 13 9864 519 281 5381 561 3849 18 970 87 3573 1 4 40 3 16 98 47 12 1109 110 5905 8 900
52 7 5472 0 2 50 4591 23 1 25 915 390 26 3 911 41 49 498 5233 225 6 143 934 89 3264 8 694 36 1132 774 72 5 764 2478 410
53 7437 10 4104 1365 6 55 325 50 4625 23 1 334 49 1707 2 1025 1407 5 195 207 155 21 268 7 1087 16 101 1239 183 41 15 22 0 58 8 110 537 65 3 62 63 138 2402
54 6983 4 20 178 72 50 3 29 136 46 16 9 14 36 856 17 1009 0 12 5405 37 5 3003 7 95 55 2667 2925 64 81 41 8508
55 0 331 28 502 6791 668 50 34 1 190 4712 4913 8087 418 7692 9 1336 5 252 197 8 1812 36 1716 173 23 267 1501 117 22 26 1450 814 1493 236 120 859
56 0 3 1805 29 26 12 1 2 4241 1233 39 63 408 6 90 303 25 11 766 3038 1899 17 19 338 1202 16 1150 21 3407 100 18 1917
57 181 32 0 8908 2785 92 3 1 96 4 11 4680 521 3098 412 325 1039 19 12 17 5874 365 20 34 5 1948 57 44 3632 58 8 2112 869
58 0 313 13 55 20 221 10 1 386 197 3 2 303 1029 608 115 15 5744 553 5 4 530 7 25 16 4399 5728 141 478 9 118 6373 176
59 112 1 60 0 291 128 7591 3 153 5 2778 55 8491 6934 43 6783 18 373 1357 75 4 6160 1562 6190 184 8 32 2 230 13 57 410 9 1270 4178 138 4347
60 1 4 1966 12 2 0 1615 354 3826 7 19 279 8 166 6828 673 189 2509 10 6457 5681 9 775 284 38 46 737 3349 68 6 70 2245 1434 35 4156 7585 138
61 1 963 16 1012 48 207 425 3319 3841 3848 52 6 0 10 540 2 4 650 2827 11 353 18 65 3441 146 8 7 17 70 3395 6607 5 2685 15 49 989 227 5031 968 199 1310 7548 1077
62 1988 15 20 2 62 5 0 17 51 1 37 320 54 7 309 3 21 6 322 52 169 2398 4 870 5761 546 55 143 1673 5603 735 31 8 13 74 1384 316 1184 2371
63 1 32 2 62 0 263 1978 4 975 3 249 9761 94 579 19 6 107 76 100 2053 55 248 180 78 6517 5435 23 8 135 3858 232 1765 2593 3975 176 3483 1482
64 1 4768 0 19 29 256 2720 83 6 147 90 5 84 1489 817 9878 1909 2 8734 4 3 9 364 445 1466 179 10 138 18 1318 5108 35 65 139 8 252
65 3742 4 8 47 57 8168 0 9040 1116 1177 18 9 2 67 167 84 9346 260 7 1 852 147 382 2196 5 2584 481 987 11 713 6 59 27 199 329 621 155 1679 968 138
66 38 23 1 2282 136 15 0 8 1489 3224 4 393 34 159 89 2 618 36 5 1620 2732 3783 3 111 3642 1060 644 3292 1503 409
67 1 7774 15 115 0 1217 422 11 984 5 13 1451 9 18 2272 87 1532 1501 12 332 6 46 8 309 142 4 3324 3624 113 425 27 2 3129 1632
68 8 127 2478 0 805 13 3687 97 3 4 9 14 36 181 47 1131 839 94 5 96 39 79 787 15 33 99 2 76 1990 377 1903 789 961 2112 1482
69 14 2 1799 26 110 78 4 7 32 0 1000 1 2344 1471 75 2752 8 81 13 262 165 2352 640 122 4494 16 4114 167 184 11 5558 1206 1184
70 8 9 27 2 1 0 2411 80 2810 212 108 23 7 1590 848 245 4512 40 28 3839 43 462 5 86 4 405 4936 337 2172 32 42 15 193 107 1052 138 148
71 14 103 6156 1 7 0 37 4 16 1218 4838 140 298 301 2 388 29 92 6906 4918 3858 125 4226 163 1179 36 222 8162 1700 229 6031 66 3 482 480 4568 1089
72 3 11 20 112 2859 3304 94 74 97 0 27 32 68 8783 56 199 22 1787 2390 55 806 15 38 13 104 2 1 9 17 4 3230 2970 12 410 2371
73 17 0 47 1066 94 447 15 38 9 2805 11 48 85 2480 1 13 245 981 40 323 500 6 3 228 4 174 21 1358 2 880 8 1495
74 338 1 4378 6 87 0 22 3 8 1415 500 21 64 276 9 19 433 6828 3362 651 103 62 704 582 36 13 161 122 2178 12 2735
75 68 6 13 2 5 4 17 255 3626 698 52 20 2079 0 10 19 904 7 95 3030 279 351 8 205 12 906 1410 784 7879 44 23 157 2955 867 1263
76 11 0 542 419 795 1 256 4 24 221 38 103 6 30 101 63 2 3 39 287 29 5 8694 12 225 1469 1416 2348 216 45 1821 6462 7 5985 138
77 6641 0 2329 338 1 11 5849 848 4 34 70 12 6061 446 5 5000 685 43 1887 170 1244 2 37 60 200 843 8 372 356 199 389 4171
78 15 4241 505 465 1 57 178 147 6 809 1019 3 216 8 0 34 33 4 2311 94 205 16 2 382 10 130 1654 27 24 44 21
79 8 477 1 119 59 73 5 34 5983 28 1206 4 766 180 0 254 3374 2 5566 17 2745 18 133 92 120 11 5029 3 105 45 138 155
80 12 10 155 712 6 20 0 309 1 331 5 5773 24 35 17 7 199 5484 5225 2986 11 21 264 2 830 131 989 118 4 2233 1494 23 259 217 249 636 431 104 15 14 5276 859
81 16 160 0 20 700 9 56 648 1 231 281 399 140 2 305 154 12 457 14 5638 380 6 665 5 1307 409 3 1358 57 7706 862 800 7112 184 869
82 4 38 28 1193 0 7908 12 11 15 36 4004 3 18 666 97 5 17 4938 29 5524 268 6 603 8122 49 357 9 546 21 20 957 2049 8 153 62 708
83 43 104 21 2521 1 9 9969 59 98 4869 0 1078 33 29 138 76 4 44 37 139 86 25 1462 17 413 1134 159 3 103 358 119 3369 7 18 28 869 482
84 30 143 864 2 4 34 1 217 111 10 879 212 0 253 4630 12 23 1960 29 14 1117 24 716 71 254 20 8 7614 3 5038 199 5526
85 8752 1 0 576 17 21 529 205 210 227 7 439 8215 3299 25 695 97 2 1387 30 343 69 2380 188 68 39 16 598 1173 248 3 8 1052 859
86 335 27 1 910 0 15 4097 2 1055 34 253 4 5329 358 85 68 5833 42 10 3 2148 66 4704 79 784 4207 218 126 1071 188 4242 480 4568 3992
87 13 3171 955 605 1 5070 3 0 107 8 56 6038 630 2 32 14 180 174 60 64 1982 6707 3994 10 35 1772 223 63 316 371 2616
88 5641 2 1 229 4428 422 18 7 6812 4 87 39 0 6013 6 10 272 105 4659 1459 100 63 67 1901 680 441 556 137 37
89 983 0 32 294 4 56 7 109 13 2420 5 505 133 3 55 151 116 6 8 2 86 880 120 1 71 130 7605 451 756 314 9531 2168 3054 2060 3244 968
90 6 120 831 115 357 25 352 50 1 2 26 5965 70 27 843 105 493 1988 32 632 33 457 8 5507 62 1494 63 419 75 0 48 529
91 1845 1 1484 7 1263 11 128 2 9 4 5 210 0 159 2809 2219 17 465 234 26 587 633 101 191 12 10 179 43 4556 15 595 7086 583 2818 126
92 18 4494 2 15 2609 196 806 9335 0 65 1677 1369 3044 6 9 4850 2059 2072 8 19 25 1376 479 95 41 71 3000 68 189 1 2270 4 10 54 166
93 29 1 358 2 1825 21 2518 10 166 12 0 6629 497 412 13 2260 76 37 23 72 117 606 95 3 24 5 189 30 114 31 58 1222 1572 1122
94 0 1015 4493 164 998 19 7 20 450 3277 2 33 298 465 1 32 2933 77 58 126 577 155 187 421 5 8 44 100 12 262 1658 3 4288 9485 184 178 27 5921
95 39 0 772 1 8131 7866 5 309 119 4 88 9 83 216 44 18 1466 209 10 93 109 5481 3 147 1919 699 23 330 50 27
96 0 1 129 10 8 150 26 13 5110 6115 36 8949 2 47 633 3170 6 11 181 405 123 48 1149 4409 41 14 108 1909 119 3069 37 6337 121 1954
97 157 0 6161 11 10 3 22 447 4895 92 2 4 9 1796 6 5 14 730 8 422 17 165 4427 370 7 26 1 49 501 21 7143 19 122 289 524 5160 1753 513 27 1089 1334
98 6 1 8149 29 249 3 23 172 0 100 5 410 2 11 17 51 2239 1060 9 2968 5926 22 16 25 109 75 15 30 4237 214 367 19 7 27 3992
99 4098 43 45 0 12 14 114 978 1059 2794 1467 501 44 10 85 37 69 16 30 310 782 2417 1 7 646 2 5 2146 95 2149 64 295 11 9551 493 179 56 389 2205 5429
