score -> 921
750
654
275
87
211
287
606
13
567
23
663
480
896
638
913
746
886
457
267
692
963
4
167
799
453
875
508
574
807
260
92
514
222
869
213
286
103
294
922
729
812
629
109
820
677
196
436
584
412
987
272
561
647
500
924
261
472
313
531
559
302
367
997
998
761
352
585 523
504
732
283
139
550
125
951
742
533
899
239
182 993
374
786
217
127
821
921
11
298
754
926
776
671
328
867
520
312
803
764
741
219
955
73
743
648
292
819
679
592
106
644
309
536
497
230
111
423
756
620 990
404
370
159
21
203
627
723
499
532
149
802
575
38
826
100
74
687
148
245
210
406
446
19
391
908
950
889
966
888
702
348
439
923
556
341 124
281
450
81
364
179
905
463
727
613
229
576
62
274
682
830
594
241
712
431
815
964
605
433
34
314
90
791
342
656
25
855
255
247
917
642
178
279
704
174
456
70
154
483
824 795
610
614
176
28
1
792
235
519
669
865
804
320
506
334
356
933
989
378
667
311
569
645
208
852
89
300
827
22
775
906
48
688
907
347
98
140
308
641
992
303
282
860
5
939
526
112
839
948
251
596
416
332
778
277
361
33
597
975
646
141
994
193
588
201
724
189
649
39
135
16
560
771
325
555
381
848
785
276
186
554
240
895
473
360
362
440
719
962
460
823
844
63
505
849
859
393
225
836
706
639
880
78
811
43
296
166
942
541
970
870
733
358
509
557
707
462
429
936
551
493
890
202
468
502
623
845
164
874
787
357
351
107
212
315
570
17
387
430
507
925
728
254
718
747
678
621
693
863
591
516
268
435
420
209
777
346
842
611
616
755
184
83
50
479
938
694
854
379
389
691
486
170
986
396
121
220
745
451
864
45
14
329
972
829
878
93 452
843
822
142
655
425
265
145
768
197
60
9
708
349
340
284
411
192
565
650
293
400
593
232
317
488
736
730
181
546
132
652
850
784
766
549
323
305
959
914
877
640
233
545 599
779
809
626
893
491
42
177
477
831
3
136
467
194
748
971
931
530
380
739
540
24
113
604
713
77
983
354
969
790
442
441
29
333
319
258
539
757
935
772
122
187
110
489
767
369
690
976
944
301
672
485
658
780
397
120
216
35
75
734
278
299
738
264 10
515
326
887
725
421
900
228
377
954
978
722
205
680
56
538
7
448
602
41
316
851
685 999
981 61
327 163
82 271
144 37
661 496
838 130
372 709
57 857
273 64
269 288
382 388
444 988
510 204
846 218
674 967
72 8
973 903
783 600
625 696
231 373
700 898
99 79
518 375
321 793
259 126
368 885
915 422
214 573
55 464
434 415
398 408
123 952
263 957
904 51
699 428
534 689
160 871
143 808
912 861
937 129
243 390
289 403
800 763
837 492
151 345
758 977
71 427
590 95
285 637
401 248
476 797
344 535
405 147
108 150
482 801
991 0
199 474
498 710
633 295
881 828
350 40
752 542
215 873
789 578
246 365
740 171
478 128
929 617
67 862
27 105
882 595
65 157
52 115
454 12
438 195
158 583
49 681
455 673
6 322
253 788
517 363
470 234
227 84
85 339
511 459
86 543
469 101
979 657
250 353
676 909
180 608
343 54
490 816
572 76
521 612
683 487
919 290
529 443
44 794
224 731
190 223
872 928
805 385
383 840
330 615
2 721
465 684
102 426
402 47
587 781
97 318
206 59
568 297
737 266
494 813
705 80
818 338
236 547
577 307
834 670
968 947
760 392
751 191
424 796
30 879
866 817
934 447
717 66
104 946
665 910
607 628
291 598
841 503
940 155
153 252
695 384
445 631
666 249
558 892
858 88
835 774
244 152
238 562
525 918
715 359
876 941
982 146
471 527
762 280
355 188
810 996
117 242
410 15
386 609
580 306
324 256
833 409
458 643
46 586
927 537
651 156
759 949
119 331
53 137
630 461
513 603
825 618
32 18
995 773
563 953
552 548
932 31
703 965
172 686
183 698
544 175
956 856
571 891
958 335
418 270
91 512
622 432
484 770
26 419
847 619
750 897
930 653
624 449
920 564
749 173
806 753
634 475
207 765
304 901
902 974
133 198
814 165
832 221
716 894
466 635
495 720
943 601
659 118
522 168
960 36
853 185
69 961
437 96
162 169
782 501
916 94
883 668
366 237
798 407
262 414
980 589
632 714
138 911
984 579
582 675
744 769
131 481
985 336
417 581
566 257
664 394
945 226
697 636
528 660
20 399
553 524
711 884
701 726
134 395
310 868
371 58
735 200
161 116
376 337
413 114
68 662
