29 296 103 148 299 260 92 227 225 74 57 44 129 21 224 277 28 239 185 271 90 283 70 119 45 199 238 78 59 178
40 0 249 75 294 259 95 290 273 105 63 213 232 96 32 282 204 121 82 68 243 298 73 114 190 101 5 98 219 265 242 12 104 43 288 256 233 135 49 257 2
0 
16 210 107 261 19 91 39 236 89 197 93 155 17 206 240 123 153
27 87 4 134 286 161 187 60 172 14 160 22 6 139 181 223 71 252 297 126 279 97 143 69 9 77 149 175
28 184 8 246 56 263 29 102 64 50 111 86 258 117 147 35 31 250 51 289 145 280 154 229 37 94 293 211 151
4 66 251 208 173
0 
1 169
0 
0 
26 7 136 267 79 166 188 146 202 157 158 11 253 109 23 48 42 25 83 16 112 196 106 141 120 47 272
0 
0 
0 
0 
0 
0 
0 
0 
0 
0 
0 
24 34 110 24 133 62 13 58 193 15 285 122 191 177 201 55 182 67 142 215 30 189 278 247 165
28 108 164 72 276 137 150 18 200 113 128 284 241 268 209 27 163 269 76 138 248 20 266 264 228 270 46 52 132
0 
0 
0 
0 
0 
0 
0 
0 
0 
0 
0 
0 
0 
0 
0 
0 
0 
0 
0 
0 
0 
0 
0 
30 168 85 159 203 220 218 171 198 281 214 244 26 207 170 195 237 140 10 118 124 205 292 192 176 100 231 186 1 84 183
24 275 99 88 80 144 38 125 156 226 53 230 174 40 217 222 61 235 131 287 255 115 152 262 194
0 
0 
0 
0 
0 
0 
0 
0 
0 
0 
0 
0 
0 
0 
0 
0 
0 
0 
0 
0 
0 
0 
0 
0 
0 
0 
0 
0 
0 
0 
0 
0 
0 
0 
0 
0 
0 
0 
0 
0 
0 
0 
0 
0 
1 130
0 
1 274
0 
10 41 212 162 127 245 254 295 3 81 291
0 
