186
0 13
94192 88544 45608 94356 96767 82022 4346 6990 91997 1599 45948 70546 30723
9999 14
47547 52506 5307 131 36075 19634 46079 47804 8003 76523 27423 59558 69352 25732
9998 19
53242 14081 63916 31316 39237 97190 85931 32067 78073 23867 865 93052 7541 17066 73064 7193 34701 85027 64416
9997 12
53944 72730 69237 59288 47148 71992 85584 52051 63033 44061 28529 10870
9996 16
74454 31883 45377 6242 67187 69971 37131 53335 46351 83827 85586 78170 92682 50533 6423 43344
9995 18
6524 68726 86369 8124 46238 78727 91767 1518 37631 49403 71410 93756 89542 70893 73596 23844 61205 14391
9994 14
28129 66894 20708 33344 7092 60602 52988 93548 51768 28710 54784 81303 50457 75783
9993 16
36072 46906 55118 45990 72203 49031 44783 13809 71468 63913 27075 19710 14680 57703 79752 44185
9992 17
65697 18310 19245 12834 24118 94642 54487 60898 2448 63811 50037 84675 21906 65970 28487 97315 11896
9991 17
56716 51502 60665 72860 32898 33383 98864 19048 9968 1570 22243 43231 4563 37 95408 30752 19210
9990 20
90932 97012 78087 15941 67807 65349 73697 86359 12789 68991 87181 74101 75856 4701 91768 84247 97185 66763 95940 18639
9989 11
40136 69340 37255 19744 11994 19518 59460 25891 41493 34117 60722
9988 17
16440 88974 53433 69107 49773 1131 65656 48035 52164 5272 96950 87754 22228 30597 12630 48873 80018
9987 14
58783 74544 98610 76853 98658 51242 81992 13285 26202 54002 8091 45437 55495 49936
9986 15
48409 4568 7492 13568 11635 59227 27290 92716 18829 3996 67087 53312 70134 48586 85635
9985 19
5474 86708 18118 43277 39791 352 81469 13262 94829 27065 44342 35989 4521 95315 81477 46976 57997 31641 71651
9984 20
71598 9593 74962 23974 55113 29999 34198 65749 44706 54516 91754 9833 32827 21147 45974 72798 77724 11821 39137 94149
9983 11
96527 9763 60907 25503 82968 82378 76397 87773 95001 13480 43725
9982 17
97201 36138 99619 17891 42782 560 73037 86900 73764 18704 8580 93782 92254 67579 6876 26828 88801
9981 12
45675 85950 50667 87829 57431 11285 25940 98998 77470 50305 56954 33265
9980 19
95073 65284 18809 54620 71117 75845 27823 64647 62181 26187 76719 93626 29629 13131 7725 65687 67749 678 90109
9979 19
99501 53425 27550 7099 34855 34206 24192 68740 40434 90942 87163 51509 75381 19621 58806 39199 14813 12572 25079
9978 13
95881 76952 8269 34257 18542 74011 56180 91524 33823 43088 88991 81895 55913
9977 17
49485 63775 92433 65125 87676 43782 28429 40856 1364 60396 68248 65820 47123 52412 72965 33970 4094
9976 19
62503 36773 13393 71934 56801 91648 46923 87806 28661 88266 29360 80825 94155 21657 53636 56787 70401 789 94520
9975 14
37935 98346 49879 7047 47748 71752 12838 3270 20251 75546 84934 41564 4637 73261
9974 19
84938 36531 38381 90364 23324 96448 44834 74953 79498 98977 97944 92066 40907 65344 67287 3130 94198 99437 98201
9973 10
96023 13220 29936 50537 39969 57987 36206 27456 64736 90739
9972 14
20484 14160 6953 32106 40970 20289 89694 87287 18025 51730 82972 17692 49225 89228
9971 16
1694 24796 49050 49710 43009 39106 96296 29304 77332 94187 5995 43708 183 35042 16829 25659
9970 10
49020 94432 67604 37977 49813 59529 22242 27143 84975 95464
9969 16
18515 54842 37860 68976 44029 21780 11610 52544 51979 6156 45751 281 95854 72751 99075 81322
9968 17
96894 82102 64034 90427 53414 14120 3208 73626 12361 21363 32977 50967 70904 94569 35639 3367 11920
9967 17
18430 5526 26088 45729 19232 31556 99313 32649 74751 83090 78113 24085 40981 94368 51540 32317 71081
9966 17
54418 53382 97543 49157 91992 43424 2384 7254 94205 51312 35141 66745 47023 25555 4515 37967 96753
9965 12
2615 43646 90631 41978 34402 5383 64248 14381 68053 44731 76869 31691
9964 15
27356 5296 63313 3910 23351 73032 63277 53911 17291 90826 74882 93600 32776 37679 72148
9963 19
54749 66242 13534 51392 11101 99824 3471 34741 35723 23537 27003 43895 13159 74257 32448 55717 1914 9928 47722
9962 20
61263 96903 92955 59462 94676 39096 58369 29450 23354 73156 84389 16559 32814 93742 75876 94146 57707 27352 65389 88430
9961 18
54869 66223 28694 95507 39937 89259 23498 82655 32700 89342 79980 80848 2819 94883 80328 55026 12357 33325
9960 12
54985 19578 87648 72481 10159 81485 6102 62212 90539 72726 51956 64334
9959 13
4214 58183 44815 26480 9752 77174 96191 7285 52749 38560 14715 6915 20609
9958 15
20595 82858 99344 88166 1314 86319 57271 98420 14419 58465 23141 28942 80897 74683 4164
9957 14
84047 42826 44572 81626 25033 94384 8807 99567 11225 72033 77993 54115 95280 66822
9956 13
34601 84525 97509 26478 32066 882 86895 38387 73679 83481 46911 39065 51185
9955 19
73413 34552 59542 11631 68997 32652 48544 95477 14402 47250 57289 34016 25906 91437 79603 51468 81418 33800 83193
9954 13
68841 24599 74355 98565 91260 47005 77371 41442 85957 18434 16593 18951 53316
9953 18
60133 83879 27536 61627 69069 19675 46116 19279 87428 59237 55218 45894 30621 83311 42897 36687 74449 96750
9952 11
92306 43660 98626 84073 88127 86956 23164 96648 10359 50646 15371
9951 20
30746 79279 23612 99083 51430 59129 64155 77165 93979 75166 29724 30497 44718 49895 98805 50703 15113 50730 6896 83863
9950 14
44004 2144 72253 49231 57279 43620 17136 95640 42380 2947 2873 28562 71847 16777
9949 15
71386 19309 1238 73271 85791 28992 27139 18705 96350 69454 81333 83717 48295 96578 83753
9948 12
4624 90758 15301 78907 83858 60007 7578 10231 74943 23869 44866 55894
9947 10
51202 23850 66091 67057 62337 36168 45607 61594 97238 15484
9946 11
91553 73525 37426 40446 14189 3644 60802 8921 66502 16291 93444
9945 15
1608 56229 74190 74099 16504 51500 39850 82077 4135 66456 4118 35303 46780 27614 52417
9944 11
86547 37998 47011 3491 16978 38596 66677 10318 99299 79482 38298
9943 10
78909 40379 81098 29452 29836 98255 99815 87603 86664 55687
9942 13
85910 92340 79194 92963 26131 89284 34801 68696 66376 96408 12038 44516 21151
9941 12
2249 75885 81091 22657 49356 49025 21924 62087 35866 33837 29858 2789
9940 10
94771 97044 60627 25367 93630 76876 84009 23236 67245 34202
9939 15
22615 279 57793 70741 71248 24064 97962 3656 75717 68487 2810 36622 49566 2578 46159
9938 15
14655 30212 96019 25607 99117 73694 27421 5561 20363 54067 85244 12168 65909 35077 58260
9937 19
93171 55483 32255 8300 19533 80626 93406 67641 23664 64210 73695 71638 16797 80087 93635 66338 27017 33274 65351
9936 12
5817 90347 32529 10683 98806 50206 68868 72556 12867 8667 74831 80212
9935 11
16590 4387 24775 95122 19425 1122 90786 69125 66251 87372 22836
9934 14
62769 40644 26078 85896 33290 31611 42785 76048 48939 13865 61475 12599 50954 74498
9933 17
30985 97445 41003 81109 98630 69759 95893 43386 95604 61615 76912 98843 47860 75433 49476 65315 12594
9932 9
21659 95686 97712 10684 83419 49725 83740 91234 53141
9931 9
33918 77000 36482 10131 66129 99481 77884 98582 27343
9930 18
7018 31945 52354 77304 20648 58972 9300 95750 21141 36607 90104 58614 48502 1143 10560 67884 94706 85769
9929 19
48263 62131 30122 17181 78255 34296 46547 28868 22371 72197 35823 13977 10639 64777 37790 91059 43126 4267 58044
9928 13
6484 2954 72437 30336 52582 9916 45226 69038 98796 62047 41896 28692 53
9927 12
15046 62049 62499 74206 30544 87095 6495 25242 79480 6861 75180 79254
9926 19
60582 88696 93284 61502 90990 31119 64989 60362 78372 71798 84581 83446 47992 56215 85636 28125 81947 96756 51440
9925 19
67164 67971 32290 39401 59648 61658 91552 11784 98421 76086 1368 68727 9491 79183 18840 65805 75380 52043 11544
9924 11
67034 2702 11346 93209 3698 73168 87739 90976 57076 79192 83587
9923 19
37657 53462 13489 91828 54496 97093 78867 32353 52952 37342 29856 1762 59906 9711 72372 81253 75140 73896 24032
9922 15
47545 39709 77306 25632 94147 94940 57338 56391 64093 23760 53726 82790 5847 47451 12820
9921 12
4632 49816 42806 76698 3929 44225 31524 96584 70450 96109 51518 5165
9920 12
20236 12708 30969 39268 97151 54218 60820 19624 54354 75967 50686 41378
9919 14
9049 6059 46417 17227 45714 88524 10097 32786 75411 60013 24844 72542 22991 54379
9918 10
63551 71772 47523 14457 79933 27484 61821 83949 49584 31825
9917 12
89780 32467 59759 76395 26075 63004 60850 27128 77235 71217 66164 1228
9916 15
75779 19396 95010 88744 93644 1394 92092 89381 77432 80348 1929 58820 22530 86729 96141
9915 11
98407 33289 62042 30182 27220 58225 1937 76864 29811 13545 82256
9914 13
9103 64613 61357 9671 8071 66272 27393 47962 67375 83599 474 33981 4360
9913 16
86317 34662 73854 5896 74864 54421 96531 44924 93744 36752 11524 27883 49953 79315 26746 6464
9912 19
18644 50639 75490 79645 79899 68980 83713 96759 98213 7623 91102 21817 23022 62952 23192 23490 93984 13991 47993
9911 18
98925 53222 31495 244 23834 72497 4393 22964 86125 80577 35153 1380 21567 16947 60879 9623 30592 10230
9910 15
27326 32944 29210 93810 46506 66884 30943 32962 65676 43973 63854 59231 76814 36877 77649
9909 18
40880 27031 61424 3900 1823 88491 10602 41339 5882 78492 7380 78120 2268 41833 2835 31603 97876 96229
9908 11
57173 59591 41684 93533 36946 81351 58543 80690 88742 35394 57506
9907 12
78210 13976 80521 92934 24346 9982 17966 69750 33879 83400 12893 15926
9906 14
23455 11028 28601 45726 94805 484 21823 51599 77875 80751 10290 42280 59724 39590
9905 12
47237 99679 93246 48023 91172 74140 29270 69944 16747 82949 85301 19094
9904 18
43274 3549 25066 57075 53117 6926 24338 99085 6235 55094 30703 45664 63631 97407 12052 56766 87616 1365
9903 12
95276 6419 14697 88746 21291 83903 15680 28243 59019 83415 57467 99937
9902 16
62886 32469 66026 34067 40081 4084 15058 59636 35010 14892 65836 79649 33833 27041 46754 13055
9901 17
11348 92842 67709 24859 98098 63013 33061 38805 38101 56066 71267 27587 89925 22114 48671 3021 60223
9900 20
97765 41059 84053 80409 25311 84632 90242 73966 41969 25784 51525 27869 87020 41733 84631 92581 56380 61359 71963 56629
9899 16
20726 87520 15968 43684 14382 14623 6734 17751 38117 22209 95372 65399 46712 93401 97556 36491
9898 15
52840 2945 25338 87787 60964 96870 22611 72220 30879 11194 14387 64094 30664 26201 89994
9897 19
33714 28302 76563 8004 49368 2374 90831 17302 13149 90042 98787 47803 82779 46953 27806 97718 36505 90985 91000
9896 13
30933 5848 71693 28821 8172 61914 49364 40084 49592 51150 7590 59598 34972
9895 18
30448 83249 71577 82136 58356 68092 72377 3492 25017 99502 27516 71416 30350 81912 79774 91891 29913 74780
9894 18
53326 9587 79207 36006 18259 91729 99050 45759 31305 65585 46114 75793 13992 35214 7186 28696 7781 22903
9893 19
9759 71005 23290 1727 22948 70781 33494 73210 78310 89762 74732 34866 34049 56815 65727 17701 85696 16837 61085
9892 15
60546 32011 28836 96695 41396 16092 97006 28932 25915 73968 14738 52076 94298 61203 71311
9891 18
22756 5582 38349 94423 61811 25805 73284 14371 24455 99413 12587 29469 57647 39877 73420 21999 2305 30387
9890 11
37089 65578 94092 27013 59307 31260 21962 15422 48606 39202 54247
9889 13
17833 75653 33093 47077 99860 75279 71030 32305 70722 28851 39701 55108 29752
9888 16
12358 11607 6384 29457 489 19900 85297 52810 38227 68606 32783 39307 22021 52937 87413 54268
9887 13
50465 62498 32428 47825 66188 52145 25661 89257 14045 81587 14723 43272 17517
9886 10
9826 79311 22603 77423 41278 51868 94863 78452 12653 98799
9885 11
40691 1382 83013 8359 7901 65803 36720 33649 36366 47178 1956
9884 20
25211 28536 20190 6323 57860 53437 72755 31633 62799 40805 7455 64705 18796 3832 15040 82191 69399 15029 20960 26703
9883 17
3830 39882 94182 83645 83828 38521 17818 98487 49046 97782 36912 6274 43069 46666 75341 71640 96059
9882 11
58055 92736 407 11092 58916 67493 87633 34929 95506 88230 21506
9881 12
29777 11404 56079 58411 82411 99172 28300 81295 79701 94920 69561 77283
9880 10
27620 91957 9624 89178 71004 96292 20255 75514 7240 18267
9879 16
79830 30261 46162 43004 89400 78749 68373 94631 74844 63233 77530 85212 6664 66732 42265 39931
9878 12
58222 47150 99160 16787 37524 85594 74552 75605 20360 83310 24447 57028
9877 15
54157 98810 77664 89664 64132 36518 1822 32506 95719 24314 25646 33803 37248 76573 56536
9876 10
82041 57244 38918 22230 54404 71364 49465 48488 85230 753
9875 14
25113 93027 76052 18393 56147 74664 49855 18221 56252 65001 83136 66807 91355 49560
9874 11
55061 4445 28627 31330 7443 91647 701 20303 66629 64558 92765
9873 20
75357 43377 34943 69032 95099 71994 69151 13861 45056 46637 31850 4663 31740 12600 21049 61023 83456 786 26306 96284
9872 12
46559 42558 51849 85527 60493 91580 47501 22001 4537 32420 86685 56111
9871 13
1601 84703 15552 87836 29061 63085 58231 47617 92079 17117 80393 70576 21955
9870 19
34553 59381 84963 26958 27792 34399 91285 99838 49916 7031 95460 40288 65133 35560 40333 10416 35036 68752 42155
9869 17
53310 69384 44304 56096 18022 18657 76618 61595 65457 23921 50066 26515 80279 51310 35418 80882 202
9868 10
79361 15035 13146 3232 7951 91849 33650 74398 54093 13721
9867 17
93080 80104 37607 67764 39009 89611 77515 15390 86488 74272 49063 47324 67226 4609 22787 2580 74718
9866 18
17896 3146 499 29136 47055 91969 38044 48961 60370 33824 76335 39032 15118 54283 27889 62003 83322 76475
9865 17
99080 47495 93761 76877 56627 11878 79553 70495 13829 86908 22389 51904 20214 29054 76507 52652 94273
9864 20
57304 71023 87077 90037 89689 57004 11576 7356 63385 54687 3605 94143 20449 74649 39604 54616 47069 49206 63611 43488
9863 19
64221 92596 5681 61288 21622 54906 37145 44175 44851 4296 37999 45952 13687 51019 87376 49458 19321 92764 66438
9862 11
17807 48445 11419 96593 7539 25300 73623 1559 74405 55292 28365
9861 18
80881 27791 83404 781 96143 73315 57890 91812 48795 67306 39962 16663 21458 35112 22986 31736 41947 48099
9860 16
87691 92784 63199 92745 92984 82718 40664 40996 52881 69411 54149 32327 73220 60044 38456 89783
9859 14
38544 42500 87235 63036 72177 39410 78722 35233 43040 50274 80912 32797 16269 192
9858 14
45325 82582 18419 51796 61711 63971 19044 21636 56789 22104 60637 1617 30225 60372
9857 13
51981 93616 45211 24354 99286 6287 77441 47428 50140 58109 67060 87403 66318
9856 13
35619 33551 90350 70510 13722 29506 66644 41517 31681 39919 45339 11485 69599
9855 20
60258 74200 83257 18568 2999 51479 21342 31629 64392 56073 94033 79077 55738 34698 84226 89198 14014 45533 24583 69233
9854 15
27114 36474 35927 34180 84044 13134 96724 17155 75673 93033 23803 68112 37262 86727 65292
9853 12
26022 8873 57516 57591 38956 21740 19703 20331 16240 21719 70442 31917
9852 18
49328 43414 65136 43624 43809 2901 87708 76378 42466 47385 14664 71367 6912 17676 24273 77919 52206 22245
9851 19
41277 56519 46002 87011 9592 42771 49534 56173 99196 3380 69980 57908 59557 73101 70436 12343 83685 89482 17211
9850 11
38706 48557 92769 47762 40658 94545 334 37533 51073 85252 49905
9849 10
30718 89919 67695 76717 60399 35489 76062 746 22083 63262
9848 11
38687 31778 66696 19846 78222 50894 19154 59308 50014 87308 25141
9847 20
40102 53569 49572 25360 76930 96190 34886 86436 11764 81346 98774 31148 83320 90236 67470 83562 51583 42249 37905 85170
9846 11
54800 53651 44845 39083 20822 14282 20075 29434 4357 729 50779
9845 19
13667 25038 43106 18881 61588 78681 39398 75901 59022 13994 17059 26136 17412 29601 76611 62036 86225 916 29405
9844 11
76632 74713 12985 91082 80143 96461 69948 20201 1386 18721 66674
9843 15
51111 85363 29179 48788 17085 61546 98959 99251 8446 37139 79047 3180 38990 13038 98945
9842 15
58365 77661 21875 54736 39293 70352 29122 38843 96395 76781 75365 63452 46210 11049 66410
9841 19
30109 72656 90202 77965 48675 16734 16110 75549 19142 58415 75796 97431 96518 22309 87567 96652 75825 28001 43848
9840 11
6114 84012 40243 44033 956 38435 84956 53882 97955 74715 40557
9839 12
13529 14616 28221 42612 16047 55567 68633 34327 12620 43447 95231 12122
9838 16
14368 94437 13322 2041 90184 33755 27486 82138 59402 7403 77317 56015 99865 37578 78888 11318
9837 16
7111 46633 67611 6827 6324 55380 11881 68610 33788 15461 85264 59260 1223 42122 44252 63596
9836 20
15151 78858 64956 54368 85288 10156 79991 32046 72558 37094 65991 46523 92220 84746 34747 32683 86374 49563 63244 93608
9835 19
20168 57544 89911 36816 72948 99419 30494 29292 19439 93928 11209 5566 46300 68441 99155 26071 91263 70311 8440
9834 18
83856 68786 39496 53139 42574 71188 78373 88607 24797 99321 41535 13654 45350 16755 25560 94848 65617 70480
9833 11
74638 74124 60218 14706 63306 13060 69354 4580 29207 33929 42595
9832 11
36565 1785 55459 9227 89715 20405 21076 83287 10528 30669 12505
9831 12
1355 93947 56701 57943 18882 94881 66978 65758 38506 13103 94379 21575
9830 9
79546 5993 43857 84204 53964 91697 36465 93878 49605
9829 19
56041 83501 86822 64120 32779 20136 47730 11205 1070 47315 67231 77453 21391 88487 75869 97558 3990 51779 70861
9828 17
56591 72892 86785 79444 37530 80311 35386 53823 87393 98329 42240 24060 10767 16857 48580 55184 6880
9827 17
81476 22757 20602 58578 23658 87201 84263 93199 7260 40999 46562 45735 15165 15530 31392 4113 74318
9826 10
83224 32490 64610 11208 12675 88395 54066 1752 77445 16367
9825 14
80134 41850 78362 22302 91004 53762 10778 69417 51662 2204 72658 28843 84101 88978
9824 10
98422 57414 23036 66959 43651 65308 16142 15896 90862 98153
9823 16
13819 28275 85651 68382 41591 46625 96311 69755 59487 17293 32545 23198 46126 5814 42905 73443
9822 16
77581 73474 46839 15665 49397 33601 80800 78886 6489 64185 17524 23017 99677 6557 63649 99995
9821 20
53120 63208 39547 39084 47720 78544 63571 59651 56717 13743 81806 21714 91297 58818 93674 32324 77756 98068 95071 50004
9820 12
82731 85712 16824 84909 85206 79233 54582 68654 99582 49293 67131 49049
9819 19
42238 2436 95822 93374 61198 5316 24020 69244 74238 62939 51889 7682 83450 67391 89719 60785 39433 85430 47311
9818 17
11019 45527 91995 40418 56045 22403 27204 38040 76995 47713 93913 69700 63453 37040 84940 60314 76990
9817 20
77427 30541 19315 91642 36123 38749 12825 82066 97722 16753 14027 79948 60663 84904 52179 40632 65590 85719 25197 68378
9816 13
31683 47766 18966 92959 85188 58457 20765 7367 32860 6690 8065 52723 35174
9815 10
3570 52955 71335 3852 68701 19606 51921 34294 77415 4291
