186
0 13
94192 88544 45608 94356 96767 82022 4346 6990 91997 1599 45948 70546 30723
4999 16
86410 84856 81339 97846 95600 6507 59392 6085 27062 41032 63292 25132 77972 3529 71981 72422
4998 14
64813 98951 29651 93976 12270 39343 40625 91734 1512 68796 88601 96086 53011 33620
2498 11
73749 54906 69814 12077 30044 39865 28708 8341 32625 43346 12727
4997 10
63467 4987 98271 22847 88226 14898 36902 28903 56004 37486
623 12
60212 92852 6054 7276 75959 14282 27195 58622 75616 69724 51776 93737
4996 11
1566 84385 89845 74093 31142 86154 25753 54419 14175 88507 27044
2497 15
65230 17597 10644 2357 80191 41298 66535 30941 33888 89009 90565 81091 95546 86828 11387
4995 13
9338 13543 35412 24696 76004 53421 18286 89810 9325 97808 47665 16339 51761
18 14
52395 75224 35169 80302 69057 29586 52255 73308 98878 56601 64396 55842 74997 74125
4994 12
58185 28892 63659 17094 15786 51166 60418 84621 20937 24275 48809 57215
2496 19
16111 24018 5319 87604 3121 83112 37880 4821 53759 82030 74281 47137 34180 69764 53594 86287 84656 54654 73928
4993 18
30731 67786 6397 70513 43494 49865 62652 83681 1112 77052 21209 73373 84109 49481 17930 45355 82705 23823
9999 14
47547 52506 5307 131 36075 19634 46079 47804 8003 76523 27423 59558 69352 25732
4992 10
22018 4692 58756 69309 49182 81090 70388 77293 84397 93923
2495 20
66336 26985 27764 68844 65060 48434 75157 92082 98988 86643 76494 22049 36009 47549 1722 4707 45994 14896 65423 86359
4991 13
94539 71099 52266 6206 29939 65955 12143 40319 32386 11289 8806 65617 99227
9995 18
6524 68726 86369 8124 46238 78727 91767 1518 37631 49403 71410 93756 89542 70893 73596 23844 61205 14391
4990 16
99096 95822 40414 47423 80735 83437 9731 52112 15148 78969 56649 28627 58770 90489 98680 58350
2494 20
81348 27023 56915 28125 9685 68176 35272 48097 43388 90979 25365 60429 83281 27872 47821 34295 79527 23495 30695 27902
4989 13
26283 25604 20889 79817 26804 50251 1704 38920 10828 75529 32812 36601 25199
622 14
48990 27269 85687 46575 86446 29726 79399 34013 88859 97192 26085 10155 74462 40115
4988 19
16906 38009 49700 51197 29791 20568 64253 50618 35058 93955 11200 61986 11922 45614 5799 28523 30035 65045 65671
2493 20
33551 79579 4729 35806 42085 95617 74389 40108 43399 33432 76814 39918 63953 48818 32355 15829 8519 57871 83473 58246
4987 15
97016 98236 82912 77044 76805 10586 85808 92545 19561 24986 83561 41791 25111 21565 55427
37 15
87774 75287 72497 51214 5214 35308 48474 45921 84584 72136 23993 49544 56840 47505 27304
4986 15
52927 66917 22541 36753 20097 63605 1414 40099 6363 25224 99737 44980 40128 3255 82988
2492 20
41180 56007 82041 25717 934 43496 5699 12462 65972 38532 49305 26662 26445 37978 10573 55340 16424 67160 23647 78017
4985 13
94972 35441 70895 37542 42551 26082 46852 29701 13873 74002 10003 51843 61035
9983 11
96527 9763 60907 25503 82968 82378 76397 87773 95001 13480 43725
4984 11
80480 52594 39325 19211 3888 60984 19102 72142 56495 69536 57573
2491 15
42649 51344 80955 48119 51438 18504 26953 25823 62054 41415 46832 56324 70314 45236 58828
4983 13
11639 85184 11567 46042 992 13622 64376 5939 31940 6461 93879 51772 40349
9979 19
99501 53425 27550 7099 34855 34206 24192 68740 40434 90942 87163 51509 75381 19621 58806 39199 14813 12572 25079
4982 13
62625 97998 99051 86 65375 91230 17515 3368 51863 35890 68595 10520 37751
2490 19
62979 19226 42499 81236 10979 98873 97746 19762 28909 24309 64853 97420 40994 16918 79007 28118 93504 81703 57392
4981 14
19236 42347 27844 30433 67172 94764 14988 15787 71126 58462 25898 43892 15586 37672
621 12
43914 70418 44732 34869 97480 71051 78237 43214 12449 60228 26690 42478
4980 12
35636 52305 66034 80708 34492 56377 55956 37031 70523 10797 90906 60991
2489 15
11718 79450 23176 29276 70632 26279 51934 84758 92478 55312 28169 22278 7327 2456 95659
4979 15
55331 34099 5945 68539 52458 52596 77280 18678 17766 57151 69293 9990 82888 98510 37300
9971 16
1694 24796 49050 49710 43009 39106 96296 29304 77332 94187 5995 43708 183 35042 16829 25659
4978 10
51489 24214 35466 58444 85205 2393 6300 21658 58309 23642
2488 20
10970 11578 86957 43431 79222 91644 34329 67063 58967 99091 21214 57234 98685 90606 49318 39217 11151 10424 34557 83667
4977 18
63297 11224 11548 25892 49185 50638 29970 65947 76211 67010 28301 24860 67647 37896 16293 90518 28157 36862
9967 17
18430 5526 26088 45729 19232 31556 99313 32649 74751 83090 78113 24085 40981 94368 51540 32317 71081
4976 17
36526 79198 3294 37490 79906 3997 83784 73118 13666 32179 61870 2945 83021 9236 92092 76445 87711
2487 10
53847 24201 5687 89019 12881 55577 85726 12887 22055 76371
4975 19
15294 46795 82202 31660 32445 95820 9209 8832 480 44093 4055 17712 67501 59131 34111 31058 50453 77534 27153
9963 19
54749 66242 13534 51392 11101 99824 3471 34741 35723 23537 27003 43895 13159 74257 32448 55717 1914 9928 47722
4974 10
35468 84667 29267 28466 95654 80686 39384 52418 7630 69581
2486 18
37857 91032 52210 78964 91560 36726 9200 14838 32942 77642 18148 98046 57287 50121 68538 24482 66400 29708
4973 16
34759 46803 65988 40476 68543 5097 63538 66349 90326 57249 91514 77469 80425 31258 48542 98546
620 16
33339 90128 75530 51771 11351 63067 76139 27378 10717 52399 69387 53525 86290 30153 51858 17004
4972 14
58899 77302 48452 78871 69628 95446 10804 76641 24293 9630 8511 64964 85810 97453
2485 20
32708 1214 13658 30175 19073 6009 44567 69899 62951 3982 41352 27166 28186 24975 51964 6699 90283 95201 25501 21546
4971 11
14417 82481 95648 90302 34266 31069 11476 30547 32612 69032 83372
9955 19
73413 34552 59542 11631 68997 32652 48544 95477 14402 47250 57289 34016 25906 91437 79603 51468 81418 33800 83193
4970 17
54697 16374 93042 86094 65783 50590 66749 22227 78106 23565 25864 57228 64532 92407 1884 78365 29620
2484 14
33706 7474 83316 23388 99827 50891 59323 24707 95449 12041 47955 42959 77899 95088
4969 18
45099 15025 820 72309 93377 37764 47697 33253 45411 41159 58608 64494 23389 3051 85793 17296 20935 60213
9951 20
30746 79279 23612 99083 51430 59129 64155 77165 93979 75166 29724 30497 44718 49895 98805 50703 15113 50730 6896 83863
4968 14
20288 74016 1389 61303 93782 65722 33191 94614 75905 78586 22271 69946 21813 42099
2483 15
62574 15429 85760 46367 59426 38241 90171 5665 77716 71582 97582 83430 31744 90461 18326
4967 12
19955 89934 34669 25886 91868 179 38656 86296 40761 10429 64552 75471
9947 10
51202 23850 66091 67057 62337 36168 45607 61594 97238 15484
4966 20
96453 8445 29952 85470 40301 60444 30216 40774 95349 71214 42135 3316 57830 59714 31906 50602 2013 63228 97987 93024
2482 15
88402 36056 98838 5298 32212 66188 32882 57642 86882 26363 68825 40243 66902 20178 28954
4965 14
8898 86122 10845 29207 46269 72060 21059 53362 93584 66884 75806 85469 2895 89330
619 18
32558 65213 90525 60621 69605 94035 93396 73884 40418 29412 19497 21046 56635 62088 28694 5153 63639 75448
4964 14
88950 7846 25803 87306 79966 59808 75040 99235 85266 34347 51605 38625 36217 1753
2481 10
32350 50236 92733 64259 18774 59755 97443 91468 17475 91495
4963 17
99629 28048 21883 21360 36289 47826 99191 13355 34875 62023 39937 28802 61153 67334 44372 31380 42460
9939 15
22615 279 57793 70741 71248 24064 97962 3656 75717 68487 2810 36622 49566 2578 46159
4962 17
6150 53534 55948 19720 64131 64059 8233 25585 57831 71608 80056 36225 50403 96407 5443 75655 8282
2480 16
45394 61260 65626 17510 5184 88680 10144 62767 217 95894 30302 6251 4216 77760 78564 28224
4961 13
48693 94668 82461 93079 72107 77742 96083 40183 65339 7410 8217 85839 87507
9935 11
16590 4387 24775 95122 19425 1122 90786 69125 66251 87372 22836
4960 16
73746 1005 36033 7315 45389 62492 38251 32663 79715 35560 72048 44194 32912 21425 69487 36651
2479 13
51950 11463 5426 44804 71382 98443 7890 21529 37708 85948 5315 786 65715
4959 19
66854 38669 8115 902 18060 34997 84925 69932 49735 3639 43890 63591 33020 81043 90498 3267 20512 4300 29723
9931 10
33918 62769 77000 36482 10131 66129 99481 77884 98582 27343
4958 18
13717 35050 17593 48737 4245 80878 61419 52790 11807 29007 55076 93019 89072 39379 75756 61585 21103 42155
2478 12
62729 91612 34012 77231 89967 17313 83603 33678 21518 11614 57836 41853
4957 19
55570 70121 61827 55524 48102 62118 90206 14449 5811 5946 72551 55753 43873 29450 41314 56295 83786 52615 68061
618 18
22756 90761 46460 36585 50768 20063 2280 94819 50644 11733 34493 92553 37347 1004 22642 61967 78846 20262
4956 15
86257 75491 25026 1451 78203 97563 82974 9956 33710 45603 70623 82711 81341 22122 1226
2477 13
15229 599 80627 82706 16264 90008 80800 3482 58245 75656 53376 55036 43179
4955 16
41975 66136 79269 55513 12344 47188 46207 19636 25818 10771 22967 31950 96852 90349 63700 95975
9923 19
37657 53462 13489 91828 54496 97093 78867 32353 52952 37342 29856 1762 59906 9711 72372 81253 75140 73896 24032
4954 14
87224 51508 16131 24713 10858 43248 81777 54932 21048 73161 47674 50514 77046 47863
2476 11
77657 57155 35065 87780 82142 14124 6274 70871 94451 3544 69462
4953 10
35799 67874 19361 55370 850 94086 34441 32134 29864 28393
9919 14
9049 6059 46417 17227 45714 88524 10097 32786 75411 60013 24844 72542 22991 54379
4952 14
79930 28484 8122 54415 87872 47105 44148 62806 80295 72991 53428 96565 18107 36653
2475 13
65287 53267 29944 39045 74129 71562 2491 86405 70381 18469 18397 2939 69336
4951 20
60464 83976 54317 84586 28703 97325 68640 81802 9077 4648 17051 94786 80866 99435 60946 47056 17168 96872 58531 79988
9915 11
98407 33289 62042 30182 27220 58225 1937 76864 29811 13545 82256
4950 19
36017 81267 78923 36826 27807 84242 31610 82254 98864 61743 29166 78580 67639 16105 26658 15993 8191 65103 28402
2474 13
76969 28148 2000 52344 49431 25225 42991 4889 12524 23556 22946 41840 26849
4949 12
60472 41816 92556 34730 79922 21456 77418 2747 70718 77243 83401 6234
617 11
5626 90566 15870 64377 94285 38234 53474 70018 95567 62295 88556
4948 11
51777 96161 64303 45939 39354 10867 91248 80747 48023 95243 90646
2473 10
91307 72576 95056 93326 41292 39883 38938 56806 58780 13102
4947 18
53652 27985 57725 61231 57890 26268 8239 36905 43298 47490 48491 70378 11842 25384 27769 35808 96670 50881
9907 12
78210 13976 80521 92934 24346 9982 17966 69750 33879 83400 12893 15926
4946 11
26751 53457 16224 34292 81767 68814 20329 85995 43232 54680 29532
2472 19
58630 60847 3588 35422 66703 83632 42185 73210 86442 23023 48572 7606 13764 3296 5822 50658 94047 68161 96307
4945 19
64490 44565 35902 27162 15713 88242 36544 37659 56026 64189 48291 41386 39078 81959 81416 5168 50153 17434 9268
9903 12
95276 6419 14697 88746 21291 83903 15680 28243 59019 83415 57467 99937
4944 14
2404 16900 56498 44090 10194 35405 42804 87497 36977 55095 32729 51714 37438 63351
2471 13
58293 17319 46577 436 5308 51675 42539 19752 93476 15487 25141 28254 63104
4943 10
50755 38013 43417 82716 63712 22344 12584 25236 69710 87883
9899 16
20726 87520 15968 43684 14382 14623 6734 17751 38117 22209 95372 65399 46712 93401 97556 36491
4942 12
39025 82158 5921 2349 51522 63539 18911 86464 84517 62538 87029 53215
2470 12
41551 1465 55965 17111 84926 90674 56202 1537 63724 76510 41697 39710
4941 18
23630 30002 5467 75003 67072 65514 3965 12352 20211 65735 10862 24442 7074 44392 61401 33460 96750 55151
616 12
24221 46595 76578 5376 79182 31682 43912 18236 24405 56150 5326 56624
4940 15
93594 81404 63609 43756 74729 9872 553 47450 74758 91130 62662 42003 12788 59598 7260
2469 10
60170 1645 87765 9735 27590 44522 57522 97430 67973 87022
4939 17
85068 74568 2372 98477 6418 74060 19802 87961 82525 61895 91079 39981 93448 53736 91758 2901 64200
9891 17
5582 38349 94423 61811 25805 73284 14371 24455 99413 12587 29469 57647 39877 73420 21999 2305 30387
4938 20
83616 81378 78429 75362 88649 51973 84557 78176 18616 68058 25904 79391 3511 61107 63177 68451 1015 9815 14537 96512
2468 20
67246 15132 59586 71515 22455 92160 50910 55111 64188 58641 6745 48757 76499 58943 82367 4270 97638 75860 44075 84408
4937 16
51326 67566 82694 32368 40547 99772 54222 13013 14118 33444 8708 17568 679 69022 42958 10949
9887 12
50465 62498 32428 47825 52145 25661 89257 14045 81587 14723 43272 17517
4936 12
28773 18614 27357 3884 31383 15412 71334 50521 64855 35543 89463 73153
2467 14
70304 27827 85154 88573 31267 5245 55542 61611 59639 18572 85069 23946 79469 79900
4935 11
90791 46253 42211 42943 62451 50012 23405 77223 50800 84608 28132
9883 16
3830 39882 94182 83645 83828 38521 17818 98487 49046 97782 36912 43069 46666 75341 71640 96059
4934 11
2202 68410 51530 8497 2044 9905 61863 70242 60522 97024 97253
2466 11
13701 19116 88048 41722 47254 93459 76078 35727 2613 67175 91345
4933 20
20954 39705 67725 12876 79794 1839 26933 23819 93439 84850 20475 8786 26349 23748 94648 14509 92209 17651 79686 38428
615 13
44439 56400 82845 6259 16170 14381 30275 22915 96922 99444 91633 42106 18155
4932 16
30958 90686 44907 83485 58511 3140 82402 72200 75328 34423 9702 83049 856 15431 70899 93835
2465 17
52955 77581 96731 29657 30622 4356 18395 34625 61296 707 78138 939 74463 12495 14179 60460 25342
4931 16
9495 9292 26018 75259 61276 95764 61486 45055 12278 72725 27586 44215 6031 44722 48175 2539
9875 14
25113 93027 76052 18393 56147 74664 49855 18221 56252 65001 83136 66807 91355 49560
4930 13
7507 53240 57230 42969 64038 69695 70301 37487 81506 33749 18501 95813 96807
2464 17
63184 6640 74097 16961 43539 39667 37783 69453 95497 83843 60660 3113 55093 75886 33653 42121 28314
4929 15
28760 78461 15714 11154 46545 90238 51321 2366 57333 91211 34382 13389 89423 41249 46095
9871 13
1601 84703 15552 87836 29061 63085 58231 47617 92079 17117 80393 70576 21955
4928 18
44762 62050 54647 56815 93535 81927 95252 18903 74283 14859 52671 69476 97322 79757 98938 40760 75247 21840
2463 13
24083 59148 92269 24417 47811 19737 67455 38576 3708 11367 19692 15878 7698
4927 14
54568 9966 1439 36635 31232 97081 90016 75659 30460 28061 2186 66210 4289 15015
9867 19
93080 80104 37607 67764 39009 89611 77515 15390 86488 79933 74272 49063 47324 67226 4609 63913 22787 2580 74718
4926 14
25515 45436 9542 90917 96620 70534 12837 9629 80698 38950 81021 35591 57497 28931
2462 20
18966 90192 33256 64127 18998 25560 82594 67505 3605 36828 40482 28724 81724 57420 56248 46928 43688 89684 7134 99909
4925 19
57282 79316 18895 89745 91506 12880 97403 98270 77428 19918 1962 83968 33365 4996 69807 6376 61239 32116 82050
614 19
65509 62961 42541 7706 5580 87859 13595 81366 30003 92321 32824 15076 60189 21779 78066 98020 76147 55122 6089
4924 17
92541 59614 93078 44645 87012 59889 33792 44115 99110 66609 71417 48782 21951 56151 13354 66797 6532
2461 15
56916 68264 7219 94891 82972 81474 90586 80504 91068 86500 60471 35136 68002 47402 37527
4923 15
99499 97109 43946 10430 85359 45228 51644 96928 71194 32828 37275 85416 57832 67319 13650
9859 14
38544 42500 87235 63036 72177 39410 78722 35233 43040 50274 80912 32797 16269 192
4922 15
96621 49962 83201 98603 93774 34812 55496 25913 81163 62477 80026 80257 18904 93787 60538
2460 15
85963 39614 92987 54153 53256 10925 85465 77312 84531 70466 6874 98242 41248 9938 26800
4921 15
12409 15197 68273 30649 47298 78077 88129 5410 35437 60328 11288 67308 60828 39407 49225
9855 20
60258 74200 83257 18568 2999 51479 21342 31629 64392 56073 94033 79077 55738 34698 84226 89198 14014 45533 24583 69233
4920 17
79225 38893 56089 40996 97624 11950 35872 33332 92203 6302 6573 80154 24622 81502 64394 77375 70088
2459 19
44746 38665 51707 80547 48660 72442 81630 27741 74739 23045 94637 42354 59090 14032 5868 44253 52565 42887 4876
4919 12
6006 89104 98753 60469 92830 97559 74860 19554 76319 30015 24316 82160
9851 19
41277 56519 46002 87011 9592 42771 49534 56173 99196 3380 69980 57908 59557 73101 70436 12343 83685 89482 17211
4918 12
73464 35309 74519 59583 6969 41714 481 4423 8663 3139 2929 12180
2458 17
27462 13855 42765 88267 44793 53647 24514 48316 64735 29017 78002 28094 23528 93986 24281 21568 16162
4917 18
78551 60255 43170 62113 70897 36926 23512 84626 27351 70049 17080 83649 58957 86863 18989 17416 48856 26291
613 17
29089 45699 1648 27843 35584 6207 3318 64411 58866 53323 58538 58267 30748 66286 62608 23127 98922
4916 11
25543 61794 7868 19583 74634 98253 57310 59950 48165 46083 9641
2457 11
73007 58821 74588 24780 77001 8334 36205 23508 55480 91283 36987
4915 18
5720 84902 74089 85938 99053 15372 79036 72790 53574 68180 1186 65232 25340 63319 98349 1029 10142 20322
9843 18
51111 94432 85363 29179 48788 17085 61546 98959 99251 8446 72220 92340 37139 79047 3180 38990 13038 98945
4914 11
156 72650 51134 26633 98086 16410 65108 78860 53581 89836 64661
2456 11
36724 33585 68820 65513 53531 65152 4964 86827 74352 2514 2918
4913 13
12439 67923 41263 72963 46240 98906 76537 8718 16306 9196 97583 40199 7985
9839 12
13529 14616 28221 42612 16047 55567 68633 34327 12620 43447 95231 12122
4912 14
94299 54712 29554 78574 70801 10450 44513 76933 54386 17014 27925 83668 18987 10571
2455 11
87387 17235 77647 46166 43066 63409 21035 41872 23759 16299 17070
4911 16
85710 76421 92138 96878 20555 69556 69143 39126 37518 54356 52397 58619 19265 28804 90309 98588
9835 19
20168 57544 89911 36816 72948 99419 30494 29292 19439 93928 11209 5566 46300 68441 99155 26071 91263 70311 8440
4910 16
18145 6414 16659 37 53152 90800 99710 92535 38662 26956 41039 93062 64214 53689 37280 22869
2454 19
91258 33461 22755 55180 5707 64341 69991 7775 61688 65010 73068 62572 55412 54708 99759 16166 27956 76163 5994
4909 12
97267 13871 30621 89298 12729 51563 25668 27230 14521 39210 93365 70206
612 14
20125 48100 49608 89095 2593 94121 33025 20331 68655 45460 71701 55449 75713 48745
4908 13
31701 62444 34200 48702 25168 39336 46733 70220 31132 14327 38305 64558 13611
2453 13
85373 57985 60801 14007 28070 60994 48951 90580 38314 24685 3961 74740 59745
4907 17
83339 12086 87084 43294 91638 23535 977 80284 5524 78652 11986 62293 91913 26838 71093 6778 1956
9827 18
81476 22757 20602 27823 58578 23658 87201 84263 93199 40999 46562 45735 15165 29270 15530 31392 4113 74318
