score -> 851
750
654
275
87
211
287
606
13
567
23
663
480
896
638
913
746
886
457
267
692
963
4
167
799
453
875
508
574
807
260
92
514
222
869
213
286
103
294
922
729
812
629
109
820
677
196
436
584
412
987
272
561
647
500
924
261
472
313
531
559
302
367
997
998
761
352
585 523
504
732
283
139
550
125
951
742
533
899
239
819
679
821
921
11
298
754
926
776
671
328
867
520
127
217
22
775
906
48
688
907
347
98
140
569
645
208
38
826
100
74
687
148
245
210
406
446
19
391
908
950
889
966
888
702
648
292
656
756
423
111
456
70
154
483
229
576
62
274
203
21
860
5
939
526
556
923
439
348
611
741
219
955
73
743
364
81
450
281
228
942
381
848
235
519
620 993
404
370
159
933
356
334
506
614
176
28
1
792
312
803
764
251
596
416
332
778
277
361
33
149
532
499
723
627
849
964
605
433
34
536
309
644
106
815
254
718
279
178
839
948
63
505
189
724
201
121
791
342
649
314
90
646
610
989
378
667
830
594
241
712
431
549
975
870
733
179
905
463
727
613
212
107
351
357
855
255
247
917
642
192
411
682
320
804
276
311
895
641
992
303
282
669
865
786
374
588
25
602
555
592
842
141
994
193
323
135
16
560
771
325
360
473
785
186
554
112
240
174
704
83
230
497
516
268
435
202
468
502
623
845
164
874
460
823
844
936
551
493
890
811
78
880
639
986
362
440
719
962
802
575
970
39
707
509
557
305
400
593
755
616
971
859
393
300
827
864
597
795 990
621
693
747
678
850
209
777
346
50
479
296
166
43
14
45
420
451
745
220
507
430
333
429
132
652
349
340
284
42
829
878
852
89
486
170
708
9
60
197
887
787
177
691
317
232
863
591
265
358
35
315
570
17
387
3
541
983
77
809
626
893
491
694
854
379
389
690
779
706
836
225
477
831
766
784
546
181
730
736
301
488
396
914
959
713
604
113
462
467
194
425
655
972
329
369
767
145
768
640
233
380
530
772
935
925
728
565
650
293
938
110
489
978
722
205
757
326
308
822
843
851
969
354
931
216
397
319
258
539
680
29
442
441
725
136
748
122
187
24
540
377
954
142
790
976
944
738
278
299
485
658
780
877
515
184
672
120
452 124
538
7
56
75
734
739
448
900
421
316
41
93 341
599 10
824 685
264 999
182 981
61 545
327 163
82 271
144 37
661 496
130 709
372 57
857 64
273 269
288 838
382 388
444 988
510 204
218 674
967 72
8 903
973 783
625 600
846 696
231 373
700 898
99 79
518 375
321 793
126 885
915 422
214 573
55 368
415 464
434 259
398 408
123 952
263 957
904 51
428 689
160 871
143 699
937 808
912 861
129 243
534 390
289 403
800 763
837 492
345 758
977 71
151 427
590 95
285 637
401 248
476 797
344 535
147 150
801 0
199 474
710 633
295 482
350 881
991 108
828 40
498 405
752 542
215 873
578 365
740 171
128 246
617 478
105 929
67 862
789 882
27 595
65 157
115 12
195 583
681 673
455 322
253 438
517 788
454 52
158 49
6 363
470 234
227 84
339 459
86 543
101 657
250 511
608 979
353 909
180 676
469 85
343 54
816 572
529 76
612 487
919 290
490 443
44 794
224 683
731 190
521 223
872 928
805 385
840 615
721 330
465 684
426 2
402 47
587 102
781 97
383 318
206 59
297 266
813 80
338 547
577 307
737 705
670 494
568 236
834 818
968 947
760 392
751 191
424 796
879 866
447 817
66 934
717 30
946 104
665 910
607 628
291 598
841 503
940 155
252 384
445 631
666 249
558 153
892 858
695 88
835 774
244 152
238 562
525 918
715 359
876 941
982 146
471 527
762 280
355 188
810 996
117 242
410 15
609 306
256 409
458 643
586 46
580 927
537 651
324 386
156 833
759 949
119 331
53 137
461 603
618 32
825 18
995 773
630 563
513 953
552 548
932 31
703 965
172 686
183 698
544 175
856 891
958 956
571 335
418 270
91 512
622 432
484 770
419 619
750 897
653 624
847 449
930 26
920 564
749 173
806 753
634 475
207 765
901 902
133 974
198 814
165 304
716 221
894 832
635 495
720 466
943 601
659 118
522 168
36 185
961 853
96 169
162 69
782 960
437 501
916 94
883 668
366 237
798 407
262 414
589 714
980 138
744 911
984 579
632 675
582 769
131 481
985 336
417 581
566 257
664 394
226 636
697 528
20 660
399 945
553 524
711 884
726 395
310 868
58 735
200 116
376 701
413 337
161 134
662 114
371 68
