score -> 38103
size -> 12702
13242
4933
59762
49362
20077
5383
24222
70648
45077
24721
74680
65720
45337
59970
44613
6824
46779
17194
7043
714
62849
43516
44413
33099
30426
68635
40483
64425
32393
5537
56058
74929
30639
17629
44324
21719
41758
2098
64385
79998
28991
40186
60656
9375
35591
58112
12153
4071
449
66924
39674
2018
5090
35698
50514
20526
54723
27809
11210
16463
29498
33190
17138
37596
48494
4078
25351
76872
24856
27957
42412
18875
19148
70035
40434
12709
9085
57834
16661
5659
71730
11249
62046
21404
64785
5954
325
5140
12847
72129
20777
17118
19151
65301
17134
44738
5852
15768
19357
183
42729
23918
48493
33217
48804
68784
78818
14223
18709
6454
30877
7573
74714
71159
67648
78525
16140
34484
54471
60638
72252
22754
46241
16564
67449
68002
28655
6690
41719
64506
41006
60624
18273
23825
64823
58800
27469
1705
12171
37241
6364
31390
48689
6504
16185
35244
16591
76441
16682
26774
35261
360
16795
57371
68785
20147
37179
23696
8080
24236
2022
63194
65878
30067
43220
17295
31778
74384
3607
62862
20891
25725
10507
31199
61320
40735
34640
14539
1825
26055
39990
29179
38299
26076
6864
7466
17166
32233
76590
53619
58759
71275
35227
78184
8335
11433
31982
59381
17025
62636
44849
14655
48902
30606
55739
1252
65052
20998
65708
2485
66703
55979
64174
22634
19241
37494
44535
72162
48963
55068
41893
16738
45122
34497
67564
874
2460
70643
10326
39606
14725
53307
3502
808
21030
49818
12471
21488
40278
35581
17058
32290
11339
78480
52943
51295
7763
66012
18255
8630
43562
39361
28967
16022
74996
25033
19256
13962
69375
17015
18165
31712
36001
21540
41233
9291
60026
18287
22724
19344
42298
77934
8164
22777
55349
54303
24903
78864
61881
21347
1621
60492
27500
49189
28732
4276
28068
36202
30416
31280
46017
6060
16918
75876
37698
67157
30112
17083
8027
55012
73870
63573
7103
45056
48440
23392
36400
23540
70791
18452
1536
11173
38495
18559
8236
22300
53242
3775
132
19124
53243
1682
20220
49676
3727
44485
13953
74086
12938
17092
68520
6563
30595
69693
33584
8299
12839
24400
41731
55789
25636
40077
32487
8677
37571
49635
55840
74412
63745
49355
8209
72737
15046
1035
7407
45482
69649
71293
363
21104
52085
7255
8537
29314
42302
50119
4273
5281
46797
53016
17078
23554
76188
18563
64278
35944
49664
34840
68180
47063
9034
43850
11371
36914
32567
67514
52425
40350
15493
46639
45276
71595
37473
75076
74823
48327
49024
1488
11917
56997
31849
23636
64957
14665
14234
7417
27143
9684
57436
48770
71774
2818
42385
28896
48325
49563
3613
32553
8790
2860
13775
63329
22793
70828
61190
45501
4005
43757
36478
19462
4912
31977
49025
51016
38723
37628
15173
11111
33151
18513
10308
56877
20705
75225
29148
27254
46534
1516
2953
36518
57182
8977
47477
79450
79612
77071
71974
72683
16783
19432
32295
69503
40801
1159
49006
68095
70200
2493
10931
3130
8248
16383
6402
10016
15728
10598
13900
26426
74848
39284
76378
25509
68714
57250
23068
8725
35978
21043
68766
42603
8893
9344
61118
65242
48304
10792
72096
2565
21852
23033
59689
42196
60972
36220
55698
24073
12289
48688
1971
40214
2717
22462
20893
16366
13454
3889
58450
54647
19516
860
17809
45821
5881
9730
58329
61397
4088
39493
31477
13947
7278
31506
35362
13734
5419
21669
55592
3693
54046
44337
36101
18254
49112
41436
487
20636
8411
25274
635
18724
50751
49047
66866
20108
43515
77372
10110
67004
17539
26424
48080
2453
69771
72484
31299
40628
46247
54928
24436
78894
11851
45832
15861
19530
10314
8633
42500
33744
8860
78348
66195
14184
28679
77528
70547
27969
24598
3722
79468
28641
75147
11373
21589
5837
50124
74359
55483
30074
14116
50025
46567
60189
77728
25775
40570
68445
56705
47743
64914
14745
3628
26365
39967
68499
12271
76489
35863
58777
22920
43450
3676
75680
33093
35269
534
626
66019
67485
19592
54639
15968
76825
65623
16466
29410
31586
16503
69054
40995
37023
17567
9666
18653
39997
53183
38437
37409
61984
21013
42044
14091
6239
26586
40618
76495
65494
26755
5983
11273
37391
29426
79310
56213
50030
24500
34313
25424
26825
47017
9925
15511
68677
11570
76593
14001
45941
30558
64806
14706
6032
45180
66743
27214
23028
50699
39965
30420
56432
32588
70715
13670
11022
20905
16391
1244
51595
33296
11034
47131
70924
24331
41649
39134
56501
8163
19502
48351
42431
45425
33832
18616
37829
19879
9139
73606
10055
23860
61412
32986
64727
6310
76689
44528
423
3811
8863
38588
22881
38975
41183
69433
34164
59654
47380
31282
54595
39898
34258
13806
62065
70450
20406
2140
41639
16424
5775
54990
30132
11640
70384
3583
52889
70529
61064
39184
828
3038
42624
49862
51789
44348
37557
71741
73434
19786
19993
3100
51859
75443
8578
36531
41216
42913
19475
40341
37148
44707
45352
11497
65006
38178
11757
3029
5637
56516
51638
3749
43492
65245
22788
54232
52049
72817
60607
77518
67836
65049
32388
72583
812
40153
31950
6329
8930
33225
43540
59765
26824
1499
21520
53598
20408
49832
10984
25694
7793
66173
22354
2844
37230
1172
37972
24843
25149
72401
5746
22346
35855
12397
66207
25262
46863
35751
73976
69955
64548
12765
57536
66470
5008
35849
38661
11380
3119
27707
33520
13880
30451
13178
16731
18721
12301
26044
23723
19619
47196
74988
72778
58483
74934
79248
31031
60733
53811
20953
36718
52499
49915
9032
37120
27133
28773
15330
51356
37157
44959
17401
1624
65458
17994
62932
68276
50470
22028
14514
53699
6016
50532
54907
37352
2926
36156
1497
16923
23105
55235
24933
4974
25711
21239
30089
12303
30678
54111
33658
33355
11408
13744
29951
14299
34451
24827
38293
10273
9250
9844
62121
1629
1421
35423
10350
62441
49986
8341
50257
24472
21121
44559
4828
16401
5385
5790
50207
66609
1097
3120
79744
52622
32027
47844
35446
73772
67323
17721
27908
73475
29032
11733
9537
55310
8323
48197
15637
19635
52186
65318
24994
13339
65239
19598
65468
38214
17779
18099
26864
8934
15034
19897
4793
38003
72913
12972
11134
16216
20385
31945
17105
15140
67411
63135
1265
5649
48730
42492
77241
62841
58355
20611
13642
51645
8315
23408
14048
47828
31109
31252
15523
31649
23481
9140
57162
37864
42178
71282
622
58917
63551
3094
79893
55608
68417
45284
2048
44855
15153
24652
72204
22846
53639
31584
22198
59517
56920
35650
20894
68640
2971
50493
45666
68815
22405
41146
40344
34602
36610
69802
70624
13375
30012
38728
78330
7712
58221
55503
61522
55776
38709
41969
13421
76343
71040
37210
5781
15178
25914
36678
76078
22464
44116
40602
36823
619
19568
36994
453
15889
23340
22554
23135
6943
38549
50551
41612
40407
45884
5138
18387
41307
7853
46828
17482
1996
56407
19165
12364
68061
61229
33970
77805
47026
15229
71820
55625
15265
68544
44866
66641
12492
14930
15640
77699
53440
44661
34677
26219
74139
12314
53740
67255
6019
7865
11682
37119
21022
61930
20792
4691
13751
374
62315
39515
9918
18011
38787
6127
28886
27193
71102
56199
2589
7089
39603
43351
35239
28385
48001
10928
47227
12215
18195
7385
31645
11061
78065
15971
3910
43171
9429
4367
57887
6146
71877
52068
73979
46115
32672
24320
29424
34199
60298
14161
12931
73896
44437
17435
3489
39812
76422
48064
74491
37177
68617
42521
19543
19887
35975
56770
8432
42464
32647
69068
1151
15764
48014
68744
51753
46199
6342
14651
68572
23791
21009
18637
62972
66901
40820
58475
32530
70823
8196
45015
49305
17841
64298
35662
17240
56893
47581
25159
51129
48143
48934
3674
12480
2305
24521
63634
9834
6033
13416
29642
14158
40817
20202
931
54178
66937
23087
26489
50658
14434
21215
44908
78410
2265
58405
59648
71644
4432
34980
13391
52491
2899
18570
21427
70435
3287
30655
39003
45846
15803
64784
78500
18013
19011
53733
10391
70481
29205
2699
36937
44233
33754
3983
62262
37054
24111
49202
55733
34300
53524
19711
10189
29398
7098
36923
65173
14615
23026
66664
66490
1942
69630
75595
52520
47147
16987
22160
40467
34925
8719
8986
2365
64876
65381
39931
9992
8387
29324
35479
38891
753
47176
4458
44929
39644
7599
45283
41332
69483
56596
5785
40432
65434
43025
27301
71177
16641
15512
24700
49093
8540
68913
31048
76482
50693
9077
56998
71634
21258
3508
3802
55352
66620
3440
261
19130
6128
44118
79719
75918
56454
5726
65220
17495
15595
27659
18628
60301
4849
58702
28898
12242
12545
60915
78880
59375
65261
27979
69900
23310
41752
65363
66299
42515
67790
52092
5355
40487
75922
6977
3888
48123
49820
44634
15258
51602
13585
5517
73082
28071
15432
20626
8769
1134
51637
26014
23713
34765
41094
39428
66629
63903
34855
60264
12415
30619
55000
11362
11794
16868
4281
37122
52613
24852
10464
22438
4653
1883
5858
42656
23244
40918
3879
20006
25858
33006
32413
28122
27845
14792
381
78860
5721
68161
11250
29141
15769
22965
18779
61922
60577
17250
43819
67912
67814
52011
45640
50741
18479
16896
47919
14894
10257
48296
57789
48266
60549
44370
16718
5511
41237
8201
15414
38775
22042
61553
75114
14049
37115
78152
34222
15388
28697
7757
16788
7208
46654
6271
25164
14776
45715
54
48865
26925
67185
70647
60266
52978
74628
3294
19026
15301
2858
15532
63995
59989
36504
49167
4269
37262
42513
24624
25709
11649
12548
52637
75944
37105
2921
63269
436
24831
26247
64042
46196
7845
14959
6464
4574
57642
48674
76058
31373
3213
61956
3022
53360
47258
25206
35497
39350
67277
44740
32171
4591
10758
42831
7924
20840
63810
17717
2082
46410
50875
66262
46183
16133
29403
19118
53834
71494
40563
12834
31789
55414
46644
23604
50134
7109
79921
4242
9071
3735
3183
39282
56956
37107
66832
14146
1994
35191
56092
73353
2739
45799
9460
9505
5145
12313
34902
60715
28387
40449
21577
72458
20823
9390
30643
37712
41663
31859
5834
27281
50308
8597
62969
11633
5803
23300
41653
2511
38092
26680
36648
35292
6676
60833
15204
65644
16819
60017
15643
43842
17585
13124
72831
20729
60950
56910
36818
39157
62974
48359
1106
27975
3095
47072
20720
48609
12388
36412
27102
5618
34505
32416
38665
34589
32981
32417
25432
38364
22758
15261
10873
24035
68150
26692
4688
28556
25421
66933
36875
78484
66949
17302
14670
8861
3103
37164
43663
68517
67166
65687
62828
63521
7968
31375
6479
33801
4294
5313
41219
12907
2527
66798
76653
12753
8247
46130
12353
216
55275
73713
41944
946
63604
29113
67743
1893
64559
77328
64848
76243
26859
40781
2776
78659
29167
6790
50197
14752
22683
38824
52800
13884
41756
2336
67220
4637
614
47862
18058
3861
350
34732
65822
34519
53006
61675
17847
17929
32658
54758
20615
28074
67690
19699
49859
42707
4023
25675
78229
79475
24031
39244
5561
37004
3475
10599
70987
44579
65761
52807
13061
38879
1239
55418
49044
19841
38227
43196
15855
67317
59727
73969
36553
1223
17523
14529
8504
9621
47810
70434
1837
71705
34108
62208
48740
7966
54079
60916
39320
41774
71302
35839
18346
30935
12002
41818
60480
26819
52405
75361
16554
12598
62897
20989
75708
72983
3281
30506
60153
9708
15254
22590
17417
24878
27323
68828
11058
20286
71142
201
893
62206
6616
25484
53202
24996
16192
35667
12222
88
59669
12166
21748
15486
31156
9739
72294
12164
8928
19041
61592
43559
42849
65452
3731
79506
49492
12468
44074
53989
19498
10443
50295
46271
60287
9616
10117
52133
4755
13100
21187
61293
65390
53832
63005
40529
52756
47790
411
19391
17110
72627
6274
25797
29262
40301
41333
37872
38833
70116
8558
28010
12506
790
77047
63888
63871
48526
30457
79013
10297
11539
25078
78395
14771
7662
46972
29616
22692
37144
9445
51200
40592
10131
1990
33935
59387
71910
69667
20189
5683
17155
16681
19163
32589
1135
77683
70359
30341
56039
56450
59034
41906
76645
49090
67642
4446
17082
13414
31441
39814
18771
11169
9931
26867
31102
27362
4214
44282
45256
71604
6491
7963
2388
75033
22985
35054
7157
57041
20941
72536
43961
12104
4651
18553
53789
42489
20627
28728
4672
6858
37072
6461
12489
59754
12823
15920
47049
4347
55937
15312
1107
27931
27822
63350
36070
25442
56587
23678
56326
19341
24442
11475
66453
10845
1697
48844
4121
219
60005
28092
39751
77515
50779
446
24818
43278
8396
50769
58362
7013
65069
44433
32915
25525
42160
3834
14630
48127
71305
38466
6435
78592
69258
34247
27210
71690
5635
75943
69833
37278
68985
35580
19162
3428
62614
64260
1320
25809
17017
68999
8018
51934
16351
25032
19582
18803
11942
21733
41230
73838
31042
14503
43349
30525
19646
40553
1748
2816
53316
11999
9118
62235
67528
24010
11636
45266
15708
4566
39215
5078
59549
541
32888
19376
10287
19388
28914
57996
11977
16357
51405
1242
42561
16423
9189
10850
28688
54316
14015
74002
45608
55549
54624
28141
22202
51895
60292
45665
65752
38255
60628
15278
52248
14293
17267
28066
2866
33607
45743
47613
1279
32580
18357
67116
28973
27253
8008
54220
4198
18908
63384
33634
53720
32973
40182
47620
3313
10398
40582
881
45224
10606
1382
10400
60947
79363
29337
49689
48713
51585
62227
35414
62014
52666
63469
66783
13304
7179
74753
67556
62270
47103
24823
52914
23236
55699
28209
60595
61298
25444
36825
35693
3290
23355
14757
17526
68602
22324
64364
33001
30090
23646
4763
16804
41697
63230
901
25251
39577
8857
50518
19464
34931
40548
40010
54417
1505
49466
4726
8347
41874
5590
32957
11444
38244
71811
75060
69915
59270
45302
32138
49739
13800
35020
40472
57712
27145
15482
54139
64394
62466
28798
38800
68253
79319
22623
5390
3035
6089
16124
55033
8416
37270
23717
20310
22842
31374
20828
14889
35732
66413
42032
44393
70498
20317
3001
10814
61369
61544
175
36190
75614
41093
7316
10218
23913
74541
22708
71614
1800
17418
74835
41133
50082
66001
56259
42171
14907
20976
27027
73703
47442
53549
68776
24119
25335
37878
68779
28472
72186
42288
51573
52654
31813
2620
49577
50951
9402
56994
51547
62675
9323
11028
42992
50882
843
24253
54279
36390
77618
5048
47874
66147
21356
50056
41886
37005
9561
40599
13832
64650
42785
55695
29514
14175
49132
35547
26182
50834
51766
21855
43120
16645
71679
52471
11838
9662
72678
7600
33608
59002
50836
29306
78015
7930
62040
9807
5498
26162
41055
32235
3427
69585
58634
26369
63167
67587
3418
3514
4537
43899
34661
66693
34362
21459
59473
54152
28427
31303
41124
13846
77416
21254
16097
35807
36901
8441
20359
10526
8493
5239
25634
10406
62955
43870
11012
57704
56887
43357
76023
39448
23229
22775
32582
21479
43148
59630
29779
18283
53737
63355
51175
66907
48357
30434
11978
9343
5550
3104
70831
20656
25861
77146
46548
67269
43460
12088
34580
54848
687
32700
56137
2176
13257
52673
34202
22403
49368
61709
18
5152
11564
29295
36094
24185
45233
62883
41330
24998
21829
37368
29863
6726
40994
5189
15974
49615
58849
26261
24984
25712
3570
51155
60212
6930
24275
58147
59966
51957
33371
8596
64799
76522
35114
7414
17834
27737
7420
23582
4792
77908
3532
11802
69100
30055
74590
59108
36738
43334
14372
27477
69058
28533
43759
40098
27354
7236
39941
51059
66920
18751
22987
3553
50663
34984
9585
31257
75300
23478
69934
45785
38600
9745
47998
5148
67753
2278
75278
42761
43136
29695
53127
16056
34970
25932
79241
45000
9354
43985
44044
29565
12363
30814
62119
38681
70900
19962
20659
19377
17369
18118
77117
71889
3824
62839
68514
43426
684
67609
57745
45410
74430
53765
75363
54004
76433
68707
14755
69985
1777
4265
12781
9235
28843
43265
74136
70762
78102
11026
23160
53595
33826
8180
61773
26158
45376
72519
33911
77269
25495
66150
12768
16524
4968
37759
56237
4385
79350
73205
17
5035
74683
10328
54017
51055
43703
11021
78311
53172
41487
2441
69465
17524
14023
35088
19685
49572
39076
24881
22638
44973
19541
11876
10715
25545
53
53454
15487
9156
49781
35461
28695
67559
47624
19985
23945
45434
38881
31163
9822
76479
48853
18023
6949
62881
45657
37502
28202
1611
64116
65739
38033
67139
8662
37125
41286
64171
21218
7748
42082
45360
41329
40669
26849
9989
5257
21637
40891
4995
6321
14548
11079
51802
37350
25734
14567
68383
63625
8666
428
67957
77473
18788
38543
45344
61915
19968
51824
16895
69051
74589
73850
5284
3784
78115
71871
1194
41796
29506
61451
46876
18316
62551
2021
17869
29068
40243
71629
65803
49510
61486
62039
317
25982
74654
54493
33730
22157
61679
73332
25446
7160
15743
33490
29191
34820
37485
17547
35977
46892
60417
51162
23858
71999
16707
56313
52728
72676
65523
23615
30138
1066
17321
67575
30650
14650
3348
17812
59399
60073
8887
61495
10863
28969
5966
24086
42080
37563
72258
14910
62062
70212
38843
43740
70868
38111
15880
26850
29880
19731
18397
71192
76234
41075
56174
60388
79034
31931
23676
35805
16762
65290
60454
78833
33794
40275
14463
29808
52212
65592
37487
61253
19452
27735
25404
5040
25873
72750
51258
64796
6024
67470
10418
60036
744
7561
39317
66712
62726
31979
32788
74261
73273
44186
42815
49942
54013
57647
17080
12173
52384
741
27964
26113
5608
20362
61938
19355
5105
64945
62561
57815
6502
45880
2033
31583
76596
13937
2362
25906
9176
69659
25156
76812
25799
49273
11872
70030
56073
25592
16886
12841
27042
79693
60304
34728
67506
68213
2783
70003
58991
14558
10028
65046
49172
63318
61708
8476
40072
104
77414
23515
46305
57472
44944
43601
12044
47153
78387
13484
14648
30026
53497
52624
44593
70812
23649
5688
32410
77536
24282
29623
6372
42739
45861
7876
6940
8740
2725
5507
68956
11170
75667
39587
10874
9157
8197
3871
41503
17931
34059
40877
13011
28552
44087
62081
52269
46535
15333
65589
55518
50206
58840
717
1281
3235
40028
44537
432
74521
19858
7884
13989
13830
18646
11538
14201
6224
61781
22743
21374
35139
43275
27786
42499
38326
3191
22335
53361
27073
69510
23177
60923
48301
5972
45988
63012
22905
2915
27881
51946
77399
15747
27228
19039
7050
63051
6886
2680
21694
36777
60418
66487
55074
4076
70469
986
63435
37861
25389
52292
51610
58345
40768
11558
59440
26361
62054
12109
73930
12048
35415
75460
26362
33229
15995
57349
48235
30646
43200
63949
53354
442
9293
33126
20000
25702
12036
71734
24359
56077
23233
38548
69370
55052
38462
29589
74771
33976
25774
43454
26459
58573
10111
44482
41657
6579
56507
30142
10533
57994
45850
69158
70340
29271
33653
29496
5985
24466
17976
26634
25005
75346
64948
4611
65024
49416
31865
77219
34066
31273
63992
64293
43385
56610
2196
63822
69995
22660
42263
54526
66411
36902
17610
16182
68632
10747
18539
78188
31204
6867
68370
54272
18441
30805
47948
2648
45867
70060
3725
39381
2009
71763
73014
24924
15570
42468
61216
44919
17454
8940
8064
68384
2191
12252
45589
544
22976
63061
30456
19733
63982
9715
44723
37386
10365
2523
63296
56230
43240
5573
7061
23166
72189
9748
12754
6303
54574
16665
17351
889
9013
77822
55334
10164
21665
31897
14441
60409
77730
38161
47709
12482
32181
66017
36899
341
23729
9508
49008
12848
77206
61279
10247
20227
15912
54873
71298
79134
27882
23093
31985
23789
202
66615
4562
20295
60384
77721
47320
482
14621
20128
62576
52896
852
66477
31162
2136
4493
26900
13917
66736
27685
15705
72476
62869
18655
27512
19015
67144
79957
8561
44626
19954
63797
76079
64871
44024
23480
66356
54769
70885
3611
79690
8923
75773
69610
67699
77298
70273
15488
29186
28736
13705
79583
42113
57848
18775
4507
44064
13686
52166
64888
45013
14586
38211
71450
70724
16177
35420
35980
64706
69526
35328
39546
57523
18800
42891
36210
66002
69371
24875
3991
67778
2344
61732
69843
69621
26923
75192
5662
75090
17334
55716
26386
54628
18871
73943
67636
44463
322
60684
65105
43251
62363
28669
50360
9682
43862
23501
36647
3842
41997
76376
9758
68168
58585
15294
1635
23107
51068
29027
54663
50775
11819
70245
63176
18200
45171
25282
41433
29182
7221
5432
73759
10961
29837
73142
33565
30956
23539
29059
22525
70695
53462
49849
14345
2796
73529
33398
42609
79303
64620
7684
20293
25000
75243
53427
76722
18043
18391
21360
21005
54336
29492
79718
38306
11081
71284
42446
17692
26358
53924
15529
12184
165
18965
47839
2314
71708
6142
53158
62097
50664
2443
72010
35419
30095
57036
5751
19690
56228
65936
66747
72167
349
57889
26224
36403
76861
22151
45117
12586
47325
50850
73729
47468
24428
39007
4915
67896
13108
7856
35074
10980
32659
27915
52696
30826
16296
25910
3114
6077
73646
16380
52275
46294
47393
34368
79548
1550
27539
40537
7719
28120
43226
58270
38954
30255
53039
58234
77338
18924
70956
72432
18860
2057
18850
14493
56738
11434
28285
46353
23375
5031
439
37636
2056
18401
66287
55191
37661
16517
36381
73455
11176
74763
22166
40287
24140
46652
65596
79032
77745
53685
70969
18131
65228
6374
73147
62181
14791
13890
10100
51154
25746
4126
5678
77607
35888
58296
53799
32822
78018
65662
62687
18374
74273
45109
57318
3711
17423
60110
47930
62347
2674
34051
35817
73538
8407
57461
12327
53859
22070
52601
47719
32839
14083
41364
21510
49662
53112
59645
14185
75613
10023
58952
69651
3700
73164
22800
61199
15961
11472
33577
25320
34280
25802
6168
64656
16566
56815
67787
28816
63925
24153
18033
38899
74570
24239
1407
47682
20155
5282
20367
50563
53038
1626
70968
54975
38413
70057
62820
32118
37443
62299
5924
5528
36347
58945
55931
72342
1141
42667
55567
5922
8343
6973
24936
24650
3343
12547
61261
43530
38337
36167
27022
66944
10881
26730
3364
75360
69677
7336
49672
20472
57025
25779
18813
4455
42438
47885
36776
41098
5422
75236
28952
43572
66744
8112
58062
43228
28996
13129
3724
70746
1401
4220
76329
35460
50490
43853
75172
46144
13797
1145
24747
10534
52958
60230
15937
68401
43524
8222
1095
16555
67611
26255
40244
14876
3629
77853
59609
28333
41242
76955
72781
58241
40784
33944
52
27466
27035
32802
17156
47891
35179
56018
4166
41867
37540
52875
75313
8980
12725
68580
14537
9636
13370
15363
24647
70144
26062
25569
34876
47707
49659
41371
3483
38830
5696
33753
43895
1636
22717
22019
1685
68273
10284
41156
13999
66630
63600
28379
32810
39974
948
27514
62140
31170
3533
51701
804
78365
39698
3498
15291
31892
9392
77292
63326
71623
6483
18547
4676
9274
57943
53015
31791
32984
27048
37715
58037
19955
25129
24877
39729
62656
39474
57565
8650
22533
70951
30447
42715
31380
32052
47746
14573
31643
47937
35850
3931
57935
14385
53578
10817
27720
75183
2012
3600
22705
70902
50378
25201
36200
16544
14609
50136
2547
10441
68523
12160
61538
46090
49712
43296
14061
66388
22690
11799
47642
68300
40930
49244
52342
29705
32321
21321
53408
1811
26812
15896
45068
20517
5861
20450
55054
72772
52098
77224
28534
22589
11952
11879
25886
17434
17822
24022
40233
73639
2118
18642
121
76352
79816
78735
6003
45469
29799
72995
31663
40813
10838
19572
3214
24815
18147
7671
11025
3457
56859
15826
39071
39188
73323
25925
18948
7319
35646
636
76705
33759
31857
32787
37392
49714
33546
21533
45607
13520
36441
16685
63559
71087
14284
7299
47455
26029
14187
7688
69216
36566
49499
27162
66200
78423
8259
21602
67649
31799
34099
5729
7192
7777
62010
11835
57553
40676
47129
3544
64313
20229
27307
64419
50691
15374
50595
36394
16495
56048
70131
33303
5925
43665
40916
57004
22760
41795
33198
62364
4845
17466
50796
40967
71517
25166
25419
17557
52249
45993
27987
7051
41236
66427
513
73477
20291
31337
44314
15091
35874
25048
79771
46151
79407
76842
54622
76846
77652
17641
2760
32055
73249
35969
37242
22199
57958
76100
28807
42029
50142
15453
47614
53806
36532
1395
1344
23475
35253
35910
48876
14545
64750
69480
2414
8971
39228
41148
37630
39094
9183
24845
17600
50685
69576
10325
6800
51086
15408
342
13027
38348
8882
71164
4610
38356
62157
19981
13808
36556
59563
24115
38110
61504
27067
68320
47213
65791
7810
36656
60412
2471
61109
70646
24063
3118
59491
21912
37765
71432
50556
38642
708
47847
57009
20950
31330
55
57685
45668
41168
38678
74030
49506
32329
25927
1671
26590
26103
71283
2995
20543
18649
15383
19708
13275
504
52458
52225
75194
8830
48365
37198
9468
9294
44335
44718
6000
7918
18523
66478
54538
4689
16689
42048
1380
58249
71737
2146
17949
40248
57240
65088
31444
20181
11635
34325
2132
48612
14404
30478
35092
78951
39323
42678
16129
45696
19110
67670
49978
5992
47039
6574
30664
49069
27917
61010
19730
10362
61996
43219
23981
26319
41604
73853
20470
59382
7569
9310
72876
48122
54406
20164
5762
13524
42155
24328
13444
79743
27843
33638
5813
33722
29150
49886
79989
40808
10842
65810
46413
9657
6895
16827
49798
63922
75580
34846
65815
58048
53875
6462
28543
27282
51072
62159
32050
39970
36869
6252
44017
53301
28941
1064
48862
62596
7879
31576
22622
58686
19415
37968
27592
42673
44513
61470
49768
33224
48111
55685
73159
46810
12439
44346
17031
52422
21990
14572
31997
74020
1254
13969
13077
23506
13942
12125
28916
1792
2044
20584
71277
8500
40415
23765
56024
10617
62809
71361
73933
19346
71685
7286
15996
56164
55952
17589
13861
30856
41578
57205
37648
27024
6589
16606
12820
77086
38667
10957
41722
17885
262
1430
10315
69225
24272
54613
57232
54362
12267
62168
61307
46307
30318
53510
4866
74226
4211
3526
30365
6493
20867
74922
75578
1164
59880
59893
55161
30501
38809
68910
34842
40612
42919
42538
68294
6709
6418
18057
42247
16841
64726
77615
18704
21863
3319
48112
6519
56095
36048
7159
515
69811
24909
12212
41769
63542
30156
61222
73738
72234
33616
73761
271
29800
14653
41264
65608
50275
67420
36894
28087
44288
52397
45604
38317
78513
77974
47287
841
1293
10104
55273
40188
78054
47815
38659
69894
23223
29899
47395
66886
3681
60623
19772
7590
10045
42826
14902
45828
847
57659
26236
43380
77883
2434
24165
51049
1589
11526
5819
74418
78215
3512
58879
64488
54387
16924
63278
68433
60575
15288
62465
15951
15218
18473
52605
46502
36462
61154
26544
76873
398
10864
35156
45182
42880
54441
72486
9308
18413
64681
17821
81
68734
72404
7426
3762
61676
2472
41842
7462
37508
42616
59119
39129
79702
60227
6505
11246
55649
54306
74883
14262
34509
72198
15012
75332
49893
74660
22774
34583
32141
16086
71045
47802
242
6286
29775
44040
17474
42790
37153
30541
13025
41878
47517
25190
53515
48353
20605
22746
73257
37425
22605
13902
54193
62075
47732
24090
54564
35689
39019
5869
13161
48248
34480
30961
315
16188
28423
30306
51861
27135
3921
4345
53637
11712
5210
6344
32602
75246
3153
13452
57033
62335
416
18692
43616
26291
4397
31071
7938
65711
76047
794
5223
34794
79369
53351
16044
37944
23370
74161
28101
51688
69946
29332
3622
30372
40501
50611
44327
59356
10292
55582
27037
19247
9723
21857
6349
2917
10486
28847
56678
286
19888
54630
58716
69170
52006
65865
27785
25443
6944
37859
67664
29437
76971
44523
79733
73473
15516
8614
24520
34722
21744
10138
62444
16920
70085
72848
29062
72885
30990
10550
62782
49761
70545
37063
60436
6362
23208
43391
53213
1530
65450
42612
73337
52222
21049
36888
26871
16159
43551
71420
42003
30045
11177
42744
3211
38595
62829
78242
42564
61630
67693
16715
55969
56606
61562
6172
38751
40004
17894
36397
29136
38761
16971
69024
59093
51411
145
19951
1255
22431
7254
37228
19722
38950
17733
20660
29615
78324
25342
9828
20475
65998
60159
15651
32967
57398
21026
13822
19093
7253
53833
7897
35929
63875
9260
18804
17870
71968
1808
5600
38821
61205
76537
53525
27996
28144
551
4243
16582
20582
69013
23045
13514
66331
16820
77750
6281
78552
4640
24777
54672
63239
2769
8907
32693
77101
16397
78558
51428
22785
9200
21914
65768
63713
79907
32070
52972
67282
642
2439
69624
12344
63566
21048
35058
20878
73181
41668
17133
59552
5037
18982
5449
51087
77641
71771
65115
22224
22455
14105
1098
36438
55475
70625
11831
41072
17268
21366
8206
240
71946
16692
47700
73802
56518
12660
33573
21534
26719
29340
6697
5213
58913
9796
79374
27172
51930
17354
3478
27369
56921
6965
17121
27654
33598
4327
68977
46039
78147
4318
16627
38562
12198
40293
68096
76364
29571
41979
44889
29323
37888
46170
65345
70696
22362
13081
52660
19001
8109
42998
55692
39842
68460
22727
58140
56147
18347
1607
57101
253
19956
46220
9104
42866
9563
27721
69908
7448
5080
10724
6904
8249
17959
39021
40064
48063
14989
42692
12128
73667
79392
36991
11500
72573
74049
39536
965
26861
1659
65799
37831
57152
60668
20566
6592
20053
28346
74108
11772
1932
19050
77888
29163
12013
29765
72564
1051
49448
75011
28237
28555
11736
45587
23197
50462
4335
39701
48840
66485
72968
19866
26161
2413
12399
65215
65249
38639
20312
44745
73624
269
65530
75894
66383
18572
25670
70033
71120
65680
71652
10322
5801
32150
49080
17711
44455
79323
66741
4950
77958
54136
41412
3028
16333
7750
18471
50147
19431
64220
27018
38200
3484
40521
56922
70658
65922
30030
74187
18355
52466
2007
31575
63128
45315
12058
37367
4803
78955
47597
62346
15699
45055
10266
36034
6703
3107
44318
70020
69531
66823
27499
68470
3590
72113
40959
7193
68574
2490
42636
66565
50897
14362
28733
75294
24398
26071
15336
12530
28451
64422
56995
31462
29015
2297
49055
38039
9230
35443
42162
64062
19213
29161
38336
20399
59584
24419
70779
39069
15605
12186
5531
54889
75280
28474
66438
10476
30640
63630
1630
58554
62626
35485
2825
27947
21067
24037
5601
17511
45687
37271
11006
33733
878
29871
53166
73727
32723
74072
54461
25987
58724
48483
15504
38924
24439
43589
11904
33890
28788
63227
8582
46689
47673
4445
297
23393
25499
12794
31653
56721
56040
57053
48922
77981
54740
15072
29961
76681
51842
70953
21893
29510
5897
12611
27084
63936
45035
59312
6477
6558
30387
52181
28227
7113
39412
38916
79572
11347
24284
78320
25232
47857
7501
14837
16602
46433
7344
1038
42441
73183
55544
53605
26253
49604
24017
56032
51883
28804
22973
11735
73003
48269
4378
14287
16630
58616
18160
13455
77565
38725
22107
8277
354
7970
11057
45105
43552
15185
18159
48929
4438
53788
39229
8022
50161
56848
24241
53658
6010
37441
64673
43784
28710
38349
63039
44678
38412
3392
22737
3092
38401
57529
28034
15894
78556
14390
60891
1805
66988
458
41064
59926
52473
61075
42694
32208
10282
25345
51631
78082
6268
55318
70145
4519
14633
52969
23209
25355
35111
60420
51847
9391
29701
50817
48734
13944
25648
43871
39115
2871
77376
23058
77344
57639
43123
45783
8360
68950
2462
39200
61609
8844
58409
49239
55211
79261
26947
58937
10819
8746
32075
39923
33278
44013
17074
12929
51899
21240
73260
72769
3469
59501
54951
9727
61290
29094
18472
10244
57018
12616
61152
29868
67900
58005
2178
9037
21469
66603
40365
78099
42089
30289
68837
21171
9898
21253
75297
8104
62242
25403
59912
37606
40437
22771
44415
6630
48793
31141
63153
1132
55967
29554
41004
2270
59357
52642
36746
41920
76146
52333
43073
31187
71829
62002
6206
50966
36007
55496
25408
21610
35377
12341
53648
40015
11195
68764
18579
33828
13982
4621
3623
14157
12531
54558
23252
2138
40283
36878
28653
65061
18770
17948
24229
9584
66977
71254
11242
20680
53975
74309
68879
54790
13561
63887
72749
24333
17062
3345
56803
40557
68559
72006
25334
54912
40451
21454
55984
71309
75939
74262
70784
37669
34612
20372
73615
26608
3617
73370
1664
28862
31053
57277
27350
34403
28139
66255
5211
17142
47029
14419
7969
14995
17562
16599
32093
74956
14982
2165
4388
25988
37491
8967
8065
26099
18688
36050
77341
43659
62230
47279
62864
16940
12074
5363
7302
35702
62880
13459
77913
16006
46160
810
36806
39631
29419
2246
16744
36153
19368
19326
33647
4718
44134
62371
29640
71876
66572
15776
39861
68729
58090
10619
6993
18903
2096
14288
21536
4240
16256
68339
48157
30948
74970
27030
4494
24864
37553
52977
51052
51004
79100
24767
12516
21031
2248
34110
27901
31684
39171
52446
2552
36132
73602
16855
18827
20219
3096
51360
32332
26766
67096
7310
5066
52863
41861
16897
47132
48563
595
9582
55719
73569
17785
57720
33705
5613
6638
16667
22383
63785
32005
4996
7607
75173
29632
64102
7292
76750
54776
18349
34393
13084
31144
10412
35754
37167
59302
38649
26832
37527
61720
2969
55717
66992
60805
33482
71930
25075
42605
37506
68166
20913
56112
9487
27106
17049
61371
13093
75274
61556
21769
73211
1174
43033
46999
74219
34899
40169
64451
61848
17264
11129
49637
70844
74720
28933
64131
29316
27483
27263
33417
68562
3358
32254
47179
30703
74270
45363
25544
8372
75195
36534
1961
20724
59535
52374
51385
1951
32367
44502
47074
7166
29074
36474
44197
7041
74928
21796
26658
20183
54485
11631
71360
8876
20098
31808
20139
54419
20341
66606
16725
44094
27209
72321
69116
77498
54029
26309
7537
45367
27948
15828
51032
77024
39022
6037
41030
7819
64629
57956
49848
27700
61552
5494
59130
66724
13636
19717
67491
38044
51575
9395
66131
47516
21472
35913
4856
52191
37372
57043
34372
78008
52067
28453
47688
42615
36288
17793
50578
4019
324
67634
67813
46924
75122
37117
35425
22840
45455
34815
8098
178
62337
29288
459
13637
79255
39387
31802
11113
67066
40605
29011
59187
17318
59829
68834
38625
34610
34014
26229
491
24993
39089
16230
63410
63854
29617
12023
73974
37901
62473
23094
52142
58100
40237
26415
10171
30046
50324
19360
4201
25091
73507
74397
40574
34090
23829
13377
2274
45551
31812
40667
30360
39879
10789
45943
22736
63368
48979
2870
53388
3233
49339
7908
16061
45034
53884
10796
62395
46859
65839
43236
40138
47444
18293
36246
9105
59961
26890
17798
56325
20621
14525
72957
36669
52312
18671
12498
15930
34713
24510
18812
47537
70523
71794
32611
74361
25472
35740
38574
77935
20917
52188
17730
66505
9963
57062
29776
16907
48391
7262
53114
27839
67197
53901
29910
29096
51124
12518
17556
62730
25564
12510
36960
29425
3014
19397
51843
6673
25269
72325
71920
3058
21025
9524
16876
49703
5157
49
47558
35305
53631
35171
433
61502
36221
76075
12481
13528
49418
4284
69990
13404
44721
62647
3016
33615
65197
40875
45528
28060
62457
45842
18279
3647
77659
4675
78707
8405
56929
6538
46397
30908
14060
1931
58454
36051
50722
21390
18919
73592
70601
60445
1011
46242
3288
30225
49910
79422
51134
43737
73086
26962
19349
12784
6322
6434
46169
57653
10149
76407
8154
27572
48849
2348
25383
42788
37863
51786
51183
72362
42119
6609
46780
68066
10636
27237
13907
70301
7984
58832
43039
9519
75533
26340
50391
74765
19849
11358
12258
2117
45054
49902
19573
55262
43643
57282
73733
20066
19019
18609
28771
18937
11402
57772
59603
59980
22290
33908
27679
5866
33399
53946
79192
79735
5916
55178
13720
49173
11800
8637
71204
12671
48679
40338
78928
5658
16869
78386
5643
4878
30954
72610
55135
19318
7610
58969
13721
53718
38414
26625
49213
66396
6354
25167
42774
22039
71167
21743
6674
0
13708
18896
75720
65663
7251
12410
51975
5667
16479
12730
57730
67002
63712
19821
3259
62089
38857
20294
57467
25631
12880
8556
40494
4545
72228
65396
43846
2131
2268
38793
62854
74924
6145
66950
7332
35588
66346
60316
67173
65124
74647
67303
19274
77256
46599
24648
54589
27437
594
11331
5108
65294
72065
25125
63466
59632
9473
26016
46371
53231
24752
59512
28544
54002
30526
56097
68900
50469
59082
62180
58184
67455
21250
71406
2069
28801
3466
72268
38236
55917
40137
35814
70321
14153
37983
32595
14657
10640
75623
21718
5665
46879
14000
15866
46174
18207
40286
66366
5069
21793
1955
52470
6994
34569
38141
52004
55914
3144
30101
5360
38757
6318
6917
42145
15927
74798
1520
13447
44121
48062
43743
54161
20179
48053
13356
31244
74944
19
23316
48321
47909
50408
543
54833
19732
32442
8569
39207
19778
13305
45050
58608
55162
16081
18611
60406
26355
29438
10054
35260
33495
26050
25920
50899
46448
10216
19278
18545
46620
64370
23565
42974
60108
29241
73364
48712
35279
8622
69030
67570
49306
71750
6407
7956
42001
72884
62160
15593
25160
45271
67555
70107
65770
16957
40103
53319
49367
73329
38943
28251
33591
7949
40241
50039
42112
57158
72587
52336
21287
74388
55301
64905
70860
71935
6582
64000
78203
19125
27625
20153
9028
8631
24013
57012
66837
9033
3090
41691
41675
27117
4084
35265
73330
67879
10759
40008
806
31552
28993
76536
22029
9887
73952
59239
24587
47962
35821
12135
77272
6686
79361
31974
13660
76215
21654
53179
58869
66872
2557
5269
19694
71900
2504
10217
10330
30647
45708
31580
31078
61835
52064
47235
20696
4333
39214
12806
49144
36439
77554
26970
27925
8042
66785
27848
39687
9623
57663
33329
21504
4524
29130
3945
11117
44925
69505
29415
41255
7444
3522
79216
78209
4415
53573
25174
66928
47981
51437
64173
9829
23444
15678
47018
26801
63455
34326
31475
39528
35309
49735
5290
65399
3726
76934
42409
10925
12625
58083
45091
3409
44522
53339
14571
22918
45030
68961
46730
22196
25461
3241
35409
64842
14407
44923
5301
1573
6474
58626
22939
61913
47241
38721
13385
56453
12425
2144
14143
63049
12054
14133
7231
29106
16770
32760
57599
70329
41534
3458
68827
7403
43932
74547
53444
37225
2034
11277
23755
7674
42541
1694
6659
38806
22556
53987
41978
30792
65424
56049
5505
2524
57579
23871
39979
14870
64252
29839
389
3164
21595
42111
22328
50625
6905
57501
72895
17235
12308
69829
7343
50876
8326
69644
17657
48532
56219
43781
31397
7993
7197
8241
70465
5125
21126
69283
11432
62751
47630
19089
14479
68203
33845
55986
75554
13283
3414
15891
51007
33595
64509
62895
36022
66203
9044
75798
36275
37588
24151
72766
36353
76036
56595
28866
76632
3984
53320
29431
18501
26398
16144
78218
16425
17311
40502
54226
18083
37084
23235
59768
49322
2639
55820
49565
54498
9635
29157
62405
19072
38892
58519
52280
55566
61688
52268
25850
28133
1146
28269
39078
42912
57110
50886
13559
1082
2209
12791
9798
2930
591
56337
72412
61952
991
1616
62239
48567
16850
51168
58656
26922
29229
21631
77924
36667
17535
23897
23836
41401
20067
12111
61886
6121
34851
76007
33031
4807
6395
70387
3420
44404
75104
38480
42443
4917
37854
21678
20094
36539
30063
30070
46323
15198
30308
20424
9517
27400
39328
74617
1009
15172
4715
38292
29230
12840
41514
78775
32475
29883
20054
11345
27534
11329
16741
72871
4787
31612
12046
32035
69040
31853
51141
52359
69471
47654
66537
18066
35735
7432
67536
873
33401
35144
59867
12688
17187
17350
76642
14641
63763
30980
66638
72026
7059
40886
13196
44837
70197
53853
42872
45899
9729
13563
77014
59230
15966
24159
73833
26757
40709
43415
44629
67406
35225
13405
50288
26074
59763
8173
73441
18902
28016
8788
20914
30543
28802
60257
16427
63802
11502
13479
9817
2225
19658
36562
7527
17958
16663
15252
64162
34270
14243
57470
78290
35027
57196
63646
38081
1047
4820
5552
734
20102
24087
12680
35608
21764
59132
73780
24586
61793
462
16948
74918
64616
34055
45288
62870
11149
68505
15459
63085
5403
75340
10535
58336
3614
23292
44179
9587
13897
41391
78586
5100
77002
43493
36833
33108
50924
24958
44450
15597
28607
25539
97
1542
8231
14442
38622
3586
29581
7139
70575
29764
63007
48385
1770
16443
6668
1547
61337
13329
33389
23849
58827
54750
75232
59827
10302
11164
50794
51050
48592
50285
68446
24219
20930
26088
8285
16836
8450
67278
7486
27678
45187
72110
58272
63027
34078
44830
3663
4237
27092
30821
33878
27313
16709
62660
26256
3723
25811
61035
43587
39839
51479
2061
3794
73614
67143
56377
11460
60592
69989
35019
6428
5933
2583
38544
28944
17348
23317
50482
664
48315
19875
64337
18507
18086
7951
55874
1381
76926
13702
40663
3840
63115
43029
23895
70583
8765
31578
22789
36127
44440
7083
79783
77425
8111
50484
14222
19020
16430
34551
73287
3436
19189
25247
70556
55767
41079
16114
3994
40471
7007
17038
48878
79727
3229
24565
3443
29909
76317
30568
3280
24892
25761
44205
54640
75676
7689
19378
64647
36056
21436
6424
41911
71229
38877
42995
42373
2159
38502
44686
59131
63297
47729
5142
72658
48491
2390
52031
5279
49909
57495
25291
42648
67044
36417
51929
57102
50083
30656
33726
19381
66670
55661
28551
30589
42049
17689
65487
46408
24027
42991
66870
29812
46369
53732
42430
6548
64387
33780
47988
47025
10783
33542
70655
78334
42236
74610
68922
51165
16474
18890
5274
56252
39783
48690
59921
29030
24616
32392
47109
27903
75277
30085
30400
51853
6251
6692
38750
1295
25530
57133
71532
13934
51722
26154
22129
66850
45812
13696
28680
28110
40935
67188
26830
46050
72353
26364
46045
19815
44545
43959
51636
32882
26110
32231
7172
8389
62549
60319
25046
65535
65287
23521
9695
4923
61418
65506
34906
16440
74553
3242
7727
38509
49965
47391
66109
13856
59055
41729
12676
56257
57870
51710
39431
14481
5716
65034
22783
5092
6380
2494
32989
27583
53441
69981
17510
44948
47765
14635
5564
67835
13063
55833
57522
11619
53053
26808
40966
6499
22116
13274
49950
3026
66960
70930
4440
67955
54470
58930
55341
23381
17917
3903
21786
47622
17336
77702
63069
2880
37647
56874
42786
24494
35175
68110
76778
36333
64381
39614
22860
3846
22524
14575
50475
68365
41480
34483
59994
53561
26031
42152
59223
42554
9003
22108
47523
56389
30274
49916
53622
58481
74734
74713
14695
44333
16187
68554
51311
54821
16191
12724
46918
27579
34955
73198
60955
3347
15055
66138
32131
71182
65398
35220
16265
1371
39963
30898
10947
13554
73083
29439
55876
10335
5044
3491
28731
60490
13241
686
11152
30398
8883
27687
15618
1989
70061
79014
73779
15963
26558
21778
4478
14693
53368
41008
50765
32854
78596
3387
12914
46079
70262
68094
79524
27128
54543
37066
28105
41952
51706
64970
46484
43106
33824
12550
2148
49788
72272
23533
74788
8815
964
22200
78427
4369
28995
52771
27577
43353
11478
7499
56697
5859
73148
3093
12145
49570
27306
37200
6805
29203
76553
64236
61002
66762
38575
9507
38183
29564
7080
1849
43676
63279
61540
27681
60034
63702
12285
22372
27435
56986
13760
5047
37708
10554
40925
48402
23826
49488
53938
63421
1507
5052
65740
38656
16280
49838
43089
75996
25493
16614
33331
1116
23935
43802
73725
12442
75242
53916
15510
52372
19358
20311
61818
37686
61583
73206
13707
28460
18673
77634
20735
4824
2703
55398
23103
5234
28336
76787
53272
313
6366
46299
71978
59426
26701
15281
4712
47691
51497
28549
23279
24397
23359
46671
50202
51236
7275
72307
79927
46720
35288
1564
21660
28747
10093
34999
58693
17430
77098
40408
49369
76244
15279
36811
49293
23784
42801
14128
2158
67897
8744
19876
34195
38394
29794
51157
41650
55966
12360
42169
19123
17324
27906
45642
27351
1161
10047
75888
27235
8244
37816
62514
12738
3225
58970
1451
63520
64115
168
51729
10615
24309
51156
6737
15571
70588
60885
78992
31051
77060
41671
29852
43496
42338
60533
11834
24438
13719
64707
79359
57302
32226
68667
14747
27260
12915
58803
4556
28005
14858
58189
18318
27798
57172
69679
49585
24990
77325
22831
41914
33499
3594
22259
47054
54143
34972
21701
61774
75158
62288
46849
47451
15759
41213
18832
42270
4776
32091
68472
48791
52582
70019
71959
46803
28612
51342
26881
11301
65860
68631
58984
52798
5585
3240
52929
5315
26854
11303
45864
15369
68521
52672
78599
63672
18894
30918
43767
32485
29228
42960
41755
13307
19829
18941
58523
51893
48705
28660
5207
32899
7952
28454
1572
2867
30432
50542
22111
41570
46245
25074
47576
26464
10990
38781
64386
37022
59757
2943
13850
28493
12494
51233
65146
64248
15377
26237
43896
29550
30466
13098
72191
66163
43270
71654
52513
28999
40699
38345
21559
25848
11222
22469
43208
40091
7056
65371
55010
27425
46157
41440
75112
3430
11955
590
56944
36460
36199
10270
38302
28978
52175
60881
67418
38972
66684
18003
14375
72407
53330
69302
14578
67660
39908
54147
74942
62655
9976
59612
2171
21466
59906
70482
23175
74542
26585
21946
67155
35661
20113
39568
49989
42158
34111
62056
27569
15628
56004
58361
59457
21368
62546
25477
46884
68172
50467
1084
12645
19488
40648
47283
22249
54704
24487
34386
77017
76621
31425
65057
22998
21020
27938
69038
25235
65682
6848
2039
63853
18228
24863
28587
31367
30663
57374
72544
65216
70067
2789
34775
36572
25422
58692
46056
47704
60590
63882
63523
4092
18578
3223
26408
51214
10499
63965
54623
34657
14037
43356
39834
44497
20056
43769
35512
1687
10385
56209
79976
56175
60959
37224
36741
27060
10232
76618
14406
5413
7871
35389
44526
40841
35912
8385
45310
14440
69278
33972
50444
2221
38537
24346
63426
61607
25877
66564
36175
76390
68035
4125
70567
47079
69112
51770
16451
11199
42619
56044
56674
43337
27954
66252
68076
53616
23136
32263
35756
75674
35160
49964
2228
6595
19207
37705
63393
11885
35343
20853
43161
18942
19329
53918
45697
32376
36252
2354
16226
72962
52586
51423
42973
63225
32455
2500
4364
37802
15735
396
55891
75437
74034
16749
70177
10368
19810
50805
78401
41711
77444
59801
1816
52553
5913
69886
55935
70227
22236
14469
75265
44729
29210
2895
33586
71460
33955
14381
57913
46733
53496
63761
26407
42664
23955
56764
36497
60430
65678
57692
49568
34513
21277
8128
64648
56271
13959
64128
51699
66444
2421
44570
30842
19323
23833
8965
30483
16409
50823
14399
43179
13450
76533
2217
77350
65050
79211
27468
2417
25181
20461
7226
22682
22419
38941
14277
51276
16704
14336
3224
12630
19589
44129
59330
37580
78637
1741
22312
2406
46414
78132
49640
76017
31140
33865
42442
56353
76183
20927
31349
5619
43508
22919
25158
22521
55361
17221
36151
1472
76786
50747
71940
30887
19791
42010
2772
31751
77068
20608
77932
42918
43851
23121
39088
156
15496
23656
15533
17337
67797
62130
36188
20387
23691
73573
18027
37890
64607
35592
877
50477
2164
40798
56460
22766
22424
56542
54879
34985
59073
5042
7186
2801
73709
15629
28760
63852
29448
17525
52351
25867
57700
8951
79579
12844
34533
1782
48920
40958
74188
25554
33068
5203
77736
9944
75407
26735
45569
46195
44399
73015
47321
4851
70334
22907
20346
6260
13576
28242
223
50068
5624
51148
53419
24912
33633
49221
3605
53982
11645
63046
67801
55154
48965
15007
14800
13756
62678
18243
39170
58711
57898
61339
38905
2665
27677
73754
73474
11428
2368
45513
76425
60210
68156
73803
16244
29939
19037
16378
20482
15874
64426
1865
24452
28563
50657
26710
14035
47797
40215
22084
16043
53858
67849
45473
27440
15267
26613
3260
24339
15385
30098
50247
20480
52821
41344
28504
21496
60241
54621
29532
13400
19581
20263
48281
72727
64856
8772
43968
13259
70945
35848
10960
19983
4287
71561
47942
20683
58637
75736
5006
55790
60171
39964
17569
15831
50173
45857
49269
57188
3098
42223
65940
12503
51674
13384
47267
821
63163
42543
32898
79421
58344
69745
38109
28297
30129
17945
5844
22897
9766
20740
43872
57922
16211
11561
40311
9342
34873
39629
3359
32374
59056
75799
63898
64793
5570
49147
59371
30148
31718
24637
59079
2089
140
7613
33432
73005
30041
58280
52298
25713
48781
35463
32025
23950
69991
50419
17828
1973
61021
1402
22035
12237
52794
39183
7556
23961
19808
2255
39165
70557
13449
39496
5825
75635
3516
42640
18551
32494
25217
4428
1090
49802
32907
2369
55189
26376
14350
48509
74450
21071
50692
2696
40060
20879
29242
57573
25533
12374
11860
68604
15787
78660
30548
34788
78275
8957
28245
71190
25742
25977
50011
12043
31023
3897
56287
59675
19523
34302
74080
11693
6307
40923
44445
13457
6995
3816
20465
7548
72786
13529
50322
35422
51453
65176
76346
43756
65725
53418
38497
74921
50749
3139
56855
1731
46950
78265
79203
61896
29751
11404
22000
34262
37970
55537
34057
31439
41324
46683
9851
24955
47820
35051
5204
27655
17241
11545
17181
64446
77253
4987
1742
62238
75485
40727
18210
61306
14785
19081
20204
78437
79349
47430
29566
49535
23461
50494
59534
13945
48667
7735
51116
9659
48808
77076
42093
5514
30903
22484
69264
47440
13390
56498
10318
58745
15815
66353
22496
21117
54010
23457
37428
6767
34802
13214
6689
64129
40460
52419
51849
75649
28599
67268
61408
72170
44010
24156
16985
6302
76767
71145
76789
6061
61505
46902
21615
73501
41085
63509
55224
35827
39752
58265
41431
42897
12138
18149
14454
72393
5465
70075
53781
56554
76852
76570
7137
19281
54509
29353
30744
37848
67138
5632
59714
62588
45113
10919
22844
61139
4668
31549
17416
20812
67104
4004
73636
65669
28987
28322
14788
7165
17685
8312
21181
65833
69732
17649
10390
29346
67077
67802
11666
56733
52719
1739
30462
32405
2100
39098
71354
10077
40212
8390
61531
74718
13928
25061
23885
52339
68522
34570
21447
42508
21882
9122
48886
33263
51196
33992
61423
30290
56990
23186
27487
65744
20663
21858
29526
2686
8471
43457
55305
8660
62061
13978
35471
50261
61747
50891
13154
7473
61483
39947
35368
8937
7199
68933
4521
1435
8895
22142
22274
61515
11389
57381
661
29678
31589
64953
11388
58212
42172
20084
43328
79383
14976
2428
50800
10460
10249
43410
12967
25728
55124
75827
21207
3777
41337
25412
38566
69793
27794
40950
70155
2271
24097
27077
10712
46701
16092
68752
2405
43620
12026
11730
28430
49451
49243
32266
8040
42276
43804
35971
24928
31137
61860
52556
38923
3685
15761
15924
10293
63357
55915
72626
1267
5324
78235
16080
14394
37857
556
33178
59062
2261
26531
72030
30896
56455
1618
978
72710
2134
67573
3504
69557
31959
35856
12346
10383
31844
65091
65482
46624
16877
53224
35491
27286
13957
26662
48556
7
50131
71303
19479
27496
69446
25197
23614
3750
47618
39738
42123
70396
70073
11604
67553
51568
11341
50626
42358
62719
12868
64640
77830
11919
38140
17655
14029
18652
7620
35514
78362
15276
2633
4149
56042
64771
59096
65372
61634
62598
74082
44829
76153
14798
67866
3185
57828
47433
28428
62203
69863
68960
13311
66781
60654
28789
65921
61864
64479
26417
55994
18645
50729
73553
10300
13066
15859
25549
72455
32935
20625
26307
11153
61068
19506
13625
62659
72020
7823
72509
37741
34476
75133
66337
39761
63798
20259
73993
12867
10970
11795
18994
58369
42758
27997
17252
73514
78839
16943
73377
30671
43441
53310
8792
49851
20334
73644
56268
28858
16194
1118
14246
64802
17178
1698
9488
40140
74517
9904
50619
31084
70764
12810
75181
69380
52956
23132
26499
26260
1341
53588
23796
28041
16853
38864
17538
31949
11040
20796
33685
53582
39915
50002
4538
44961
5768
11696
2150
963
77885
24193
67274
61977
21765
56429
67999
23249
70024
58419
34320
46444
9018
66561
38351
31149
46682
51768
27699
15382
17772
31835
77186
21951
2478
4102
41070
22416
33907
18581
73866
14271
27071
72304
44945
4259
51680
52867
60060
66344
60376
51364
3797
18952
60205
36315
61212
16017
44060
18184
14686
8234
23596
74355
1981
33383
10750
62192
46854
51270
67233
38487
70915
15797
25639
73010
8847
65285
32916
10826
77044
23418
3684
26524
28076
37532
43023
3024
12852
27223
44352
19922
35348
28481
8721
39541
32048
75302
64368
17197
23194
2395
33672
34030
32651
12747
7429
26204
521
24615
49935
36688
31320
58761
65973
45831
31873
21685
67388
7891
77037
1868
24491
1422
51025
66935
58888
23041
68871
6882
47647
49532
72019
29198
79191
28979
57544
958
14740
45065
43878
62256
44960
11140
3148
17310
33913
35951
19644
57604
17249
58600
15166
28161
54241
51489
41037
53071
21245
13355
51357
72755
50305
74224
45345
78107
72410
12777
59448
30480
8727
52680
1208
17072
73326
65397
57508
26604
49321
11274
12228
27983
23239
14702
20549
40983
72232
11007
35119
18087
66654
28186
13639
25327
11190
5695
47901
11625
14527
6093
34147
78319
50486
1858
35177
79072
48659
18167
14159
1103
27790
69721
10375
64301
27755
64151
39489
20329
2813
53117
73904
28169
73282
15314
65919
74846
76779
69406
20657
3790
37772
40513
47865
70517
7641
8938
41453
3386
35180
26763
23579
46275
23253
64606
73230
69889
36999
10710
64604
11427
8009
25116
49860
42932
57437
36810
28069
16399
3417
20947
9263
49102
40430
36368
32931
47254
75965
26086
63735
50679
9958
39535
1093
43044
7578
12933
66769
54855
43556
13038
21440
18380
76891
20101
11418
40400
28194
44742
62874
27258
29708
26938
13730
2385
52059
21497
13723
29755
52557
46111
12345
30695
5228
40844
79195
31902
60071
40956
54890
56276
26003
60446
13321
12878
72790
24775
14627
47326
67354
78867
32895
54361
54780
5130
39325
40171
13695
79225
5818
22007
5030
4784
53004
36072
25951
24947
51606
20677
40475
78094
53152
28813
79669
73593
26242
59153
8800
39433
71342
14943
28931
20946
7934
5221
33110
17265
3325
842
56703
43832
21728
42957
37014
2707
46883
26690
79081
73669
37516
18971
74999
29291
39821
52991
35823
33630
11665
8030
77777
34305
68968
35045
32428
64547
10736
76112
68689
23294
13395
11424
36121
29955
69929
18949
41595
26410
52138
56793
39513
35550
2765
42334
40447
379
16759
72014
64332
11145
24761
21845
4649
62037
23964
35691
41618
73526
62339
6410
49402
49681
59565
34503
31471
1603
14827
54328
11869
11072
6088
12245
62231
6903
74001
18012
4937
1863
11484
8684
5491
41414
32610
33101
30552
44428
65148
42251
17878
30753
20168
2904
14710
36865
517
4513
7690
38162
12701
50960
25265
61707
20254
21851
16874
11435
73555
74544
43834
43942
19048
31412
767
12358
13633
59793
46188
63307
30038
77665
53600
78030
7713
25280
58513
46302
20984
21312
63774
20690
27112
15156
72296
44224
20496
7760
51288
46362
4246
19325
35960
51905
28675
71932
35744
32845
34632
21980
34912
58688
36956
54581
34273
41976
46756
76821
59820
67675
46526
39829
45461
26905
19726
8752
79795
30044
45786
34903
14430
31756
1133
5441
37011
59109
1975
20849
65143
42146
38249
45299
40963
13916
58308
4557
43324
50920
16862
21476
36413
72570
64645
18117
57367
43742
32851
14418
56820
24560
64569
42388
2447
47341
6568
68965
11960
58734
41869
27249
52597
53704
41951
33219
56936
53771
74257
37217
53453
23499
735
64782
8023
19484
3627
48028
2184
16436
26189
39611
20086
25276
34092
70256
12306
46515
62427
63003
42439
77422
32574
75006
11990
3965
11020
59832
68952
53725
29530
67874
51553
72137
4241
161
52823
10799
33587
41901
73025
45097
46342
70376
14247
47171
29171
53862
17914
8307
18629
73743
67159
8867
64556
75248
76859
32546
47397
58385
9359
26233
6210
58073
22509
31872
61648
64877
50106
61338
8756
59136
9875
68394
8266
38307
61355
9610
78553
39685
33706
50001
65759
70451
41556
38186
62246
49267
44563
1580
21541
21000
65941
26575
15061
8373
26277
7022
41660
28131
54295
75405
61564
75890
42413
72079
7992
77228
22747
31989
31528
29244
23727
66373
68457
52202
2610
44293
72197
2910
36546
24433
61366
56873
25210
27236
53903
34799
51220
14610
2559
8757
14113
8218
1230
11
11877
66848
59930
65201
22013
5114
44748
29478
32320
29940
64284
7455
72194
44916
64472
21323
48463
23286
5009
73366
70830
8380
4448
26131
14066
25979
55586
32726
1357
37474
29458
40584
40031
66623
10179
3634
66803
68419
45052
6309
28408
34184
74769
59140
25109
22096
75997
29414
8679
71607
29688
23756
75806
72721
11727
43585
11555
64993
30230
31898
26793
62460
63916
39147
59875
60149
6300
34598
32088
935
77452
9198
45466
36537
15719
79280
78603
3891
26936
62753
64475
1675
7733
21932
24122
38568
5670
32343
64641
66689
37880
59115
49497
7685
5094
17736
28715
45522
39586
42752
26276
13810
56493
71307
69766
5411
13060
36043
44269
43652
40900
15471
25931
35684
14075
2695
22463
50282
69972
72023
72590
71659
20734
5316
34716
33738
21437
23736
49222
22504
38989
66081
32643
19626
59653
3563
18484
35196
54735
53063
9450
43269
4302
18882
41936
50150
10265
31073
25992
3046
44143
49235
64371
12495
47206
64883
10684
12142
43782
6815
16007
4021
12736
79287
1086
37977
787
68599
38904
42812
42816
76429
9966
62958
5964
28845
73091
31995
24429
45301
32980
57358
17880
53186
69656
7375
31809
1498
78163
1928
11662
8567
22273
61309
59809
54563
77383
13527
56243
48046
16376
73862
76385
70686
37638
17257
78704
29153
74975
46274
26999
56522
29685
75231
9284
33081
20058
1902
76216
2210
70623
10484
11309
14281
12961
12773
56394
68200
28508
9327
47096
12418
11241
24060
7267
56014
17566
38593
35564
28002
37343
14559
70495
9534
28210
42565
14946
16925
47917
41476
14164
10148
21401
12798
30750
16808
42934
21367
67482
56655
56358
65293
62734
53249
9408
3410
53944
2157
62882
25619
43548
45730
56571
15814
25714
55230
38561
67989
41449
44903
34606
43588
32120
72301
43070
7649
30638
68700
39468
15840
62398
9954
37296
42092
15026
21868
49323
52828
6657
2290
73113
25759
52631
46764
77158
16962
51230
44153
21853
36846
40571
6356
61331
28502
43064
34070
48977
66171
30732
36409
72265
57597
12059
77461
71207
29533
47898
32488
65895
34908
45061
24862
58333
47356
9023
74591
2371
23626
46048
51441
61974
20256
46982
74623
16221
7187
18284
15928
36670
42419
25771
54090
15740
48602
31336
44123
53947
20488
8890
56854
75967
71580
64458
43621
18752
27662
53981
17402
39848
10381
30223
518
67252
59384
4643
56272
21230
57951
64318
31513
42062
37853
41225
14379
6656
13620
39372
37597
134
5062
79175
26101
8535
30629
9336
34015
22408
25466
20005
2538
27148
35830
19774
16054
25930
57247
58267
14357
35707
15399
56852
8492
40981
30040
37003
45973
17563
73319
24260
11805
11584
70299
40796
31479
18972
61536
44653
56704
66753
21994
13211
11903
52335
54513
47540
5027
23111
74493
31392
54773
10
65706
37784
27234
10905
37825
4486
22508
52002
47345
6139
8114
5452
29968
45073
20142
8324
1892
78292
68212
15416
25966
17427
27096
72326
12292
25317
15892
66546
52262
10634
30687
11605
62807
10349
8165
36181
77407
7384
71108
51524
56524
73864
72992
19611
60432
7704
31843
44544
25019
75601
54101
3719
143
7140
79362
9911
59474
26879
4790
47275
10388
18447
56300
7510
56335
12743
44058
29957
10991
46052
22427
30984
58293
11970
6264
7335
49347
61960
22678
62162
46553
35052
60275
76470
55713
28265
50395
78491
42026
68915
47536
37400
57405
66984
46238
19882
7391
77820
21206
19333
21365
31275
28152
57623
53849
20649
1108
17273
35441
19894
70388
45144
49817
36138
71520
73058
74265
69279
4558
43428
9957
53653
6733
17000
79219
61443
35010
5766
70863
29560
20114
69795
27032
38676
2780
44319
59613
55053
77459
9643
30210
24774
3813
57229
75560
74325
53424
18308
37102
17578
36711
68945
762
49029
22006
36484
6580
46510
67463
4701
45856
12969
28881
25628
37295
8491
21675
64913
39938
37299
78456
79343
50283
7487
12115
62001
10158
65942
69409
6250
43898
23552
63721
10725
3216
39943
53175
4456
9270
51006
25586
49722
24926
12891
6320
26931
27909
37756
67360
15873
71243
57624
59628
7862
79675
22203
61577
21418
36367
12682
1857
42166
72461
10916
32302
42968
64644
53878
61291
9789
57238
2017
21908
12214
10203
55784
1502
62458
37045
29020
47745
27693
70905
40450
52288
78490
73233
16138
15020
11688
66038
5433
63036
45853
58444
6909
13206
25436
8024
36206
50615
46008
49840
71518
43656
55221
330
71700
73381
6687
67688
2514
47628
38704
32925
39509
53848
27002
22195
62485
38598
4756
46813
16800
60497
3275
40133
39161
58084
26496
64955
61370
32074
26949
42942
63519
79329
1920
78198
35911
72456
17388
65387
1662
72361
79052
6557
36963
24192
74998
4517
14119
60400
58603
68670
9869
76028
30884
1570
12326
21874
34266
57081
58852
79945
22090
28339
14895
13515
32116
59840
13482
67158
28519
62103
47020
30033
17742
57741
1317
36077
44420
36824
26639
30931
33078
58569
17899
59861
4181
20650
11565
17420
58615
1945
38328
38036
18703
33191
33927
78909
59851
73820
56757
9921
42569
24944
4218
11463
22297
1120
4115
16852
19032
48662
36787
67377
73561
41176
49994
2337
15835
19822
63472
40645
79281
36730
15785
21247
36595
31287
48190
21926
6549
66308
5307
1556
9624
74149
15755
24920
31363
20628
8562
67863
72300
16157
74760
55630
76096
37138
26876
52100
73579
41078
38813
1273
2467
47936
64695
14882
13805
14927
5247
29841
36122
57304
52590
76887
25260
1203
70474
73654
54346
68000
31600
54265
4368
40190
35819
35129
21789
4618
218
33663
8433
15980
25995
28257
36860
49730
73267
58233
52176
72244
33881
49885
65256
24217
9885
15290
78153
51826
33858
17767
41082
98
40027
53746
18414
75777
44138
79285
68467
500
27075
71007
40409
78856
6539
13317
13153
4252
15299
36600
37331
52291
43662
1283
56875
30675
38032
47639
67908
32460
49555
60307
8782
48242
3562
52214
53270
58974
26045
2632
9716
31922
19466
62593
50609
53118
58815
1949
43423
52920
42045
58694
39017
32182
31639
63728
31219
60567
50902
72800
27669
43054
43913
11305
2941
47210
13180
14112
33218
33626
33124
13508
49108
77755
24233
54043
28822
16779
63568
60768
60458
15228
20865
10935
25794
11516
2237
44806
53145
28856
6611
61080
1617
50012
24556
41943
19652
77178
37220
8586
41374
14081
54211
39937
25060
67405
58357
49096
69299
16398
4547
51783
79295
16453
18248
59938
77340
22402
67953
19055
18231
60162
12263
1464
32
19335
74837
25911
10465
7917
59244
7609
48211
42401
20877
32620
2497
29155
44549
38987
73887
45268
16483
9837
41162
3923
69911
78557
53599
15876
4648
45120
3008
44709
42719
14583
36715
19433
5979
6213
48723
50696
3546
47575
19141
4947
33048
63126
58003
26749
61319
18608
34155
12276
63847
32578
26223
78672
15232
40318
79245
51651
70782
29966
27831
8424
47068
22577
74334
53716
14544
13801
62492
24173
24742
51579
50612
24350
19085
59209
61466
52989
58571
46809
8046
78285
24450
78158
6764
20590
17307
34819
49292
26705
59241
73485
54458
76192
54803
54243
18146
30755
1819
53867
7329
24805
44531
50932
58077
73021
72902
31352
34795
37870
20541
70221
68475
5485
31928
5264
14820
66900
54353
24988
30874
5574
32750
78408
11852
72787
51939
26899
78613
894
17030
18157
20736
76620
23672
39622
34369
48857
47058
41720
27183
36437
756
21754
77446
22490
22118
12070
1387
19544
7546
8640
38860
40496
63457
19979
49257
64378
27358
27125
20063
15932
30213
29882
22518
32573
43586
78997
25578
58400
59522
10312
73911
36073
61761
46219
35715
14408
14830
22466
50290
54103
42210
12605
15887
54499
69491
59744
35643
48643
35526
50782
13693
49892
8310
12650
73432
60433
59987
28826
39059
42994
13037
37258
28335
16623
37419
31585
14580
67465
9915
71482
48178
26085
37403
45445
6913
30283
5421
60507
66458
39940
41749
7311
17946
18477
27590
25447
55957
3742
74159
78249
35382
11338
6466
37879
65547
456
55569
50316
28850
6282
21395
34630
22815
20288
32399
25207
23576
42233
31739
51186
13323
31488
9556
33954
2465
79656
41674
55753
23719
36164
18601
64276
1612
48452
24897
74843
12234
33624
44541
64193
20481
494
67959
72541
32731
19275
32007
51886
8453
53851
11618
66542
50413
14316
44543
20060
4435
56297
31909
8059
25270
78206
44061
27387
67682
49036
60547
28145
30929
42737
51523
77025
59297
38508
29212
77100
52857
12260
61031
32702
23012
16396
13724
25486
36425
1122
29936
33843
55932
75124
64836
40732
7322
37827
30125
77944
67985
48916
30298
2747
35012
23188
9641
43845
70344
9262
11782
22048
12886
5572
79444
47610
4477
20666
44571
42454
16742
33267
43160
54465
9571
601
64687
10726
14036
65440
33611
14067
22432
11719
19458
39529
56600
5462
70870
48198
51304
13102
11906
1850
49056
22101
42382
48121
78034
56144
60602
56641
7854
48340
51788
64150
9910
51778
61168
19418
8648
32519
33871
31935
15632
10168
55202
68685
38232
60401
36981
1789
15085
9949
2446
24352
64598
45232
46339
52998
14072
13327
10889
41464
73683
58126
64736
10377
30910
5587
16909
22917
45602
37103
25739
11774
12274
55133
64753
67248
12703
54792
55232
27566
72475
76276
47021
65252
65586
73050
30976
16045
6744
72682
23347
70114
26322
29947
33551
34878
43177
60101
90
33652
39924
12315
46507
1346
23802
60441
12619
23743
7637
60792
70336
32505
58853
47871
4531
22251
3131
49903
42566
45637
24664
47672
20958
17490
24324
57820
41016
63476
67369
75557
48686
17960
17561
72418
19906
39930
53318
40309
79387
62025
19413
44954
25626
23070
74550
49445
74842
38563
36753
5645
8293
7000
25296
32811
13064
72465
43020
29885
59145
29636
19896
15727
71210
51935
3393
41265
17918
32928
11788
57781
68223
3535
63792
56537
20020
3677
32653
34181
13701
16266
78296
79529
39251
14174
28580
56511
72644
73122
27159
35719
16771
57689
61955
38248
9340
77173
67834
72700
31152
4353
60312
67468
19895
6429
62830
30959
6230
68435
70250
19229
4024
22726
12853
43818
59345
79282
10846
72459
61347
41579
13848
13194
4520
17985
55748
49320
18933
49130
56521
79080
62747
39620
62264
8195
63650
21195
52655
77084
60317
54140
23037
62142
9222
8058
6669
52460
40211
74456
34895
12066
53473
18632
66994
61801
17788
37405
25339
72417
46087
52578
21170
76661
13486
4398
69907
2475
17940
45508
66511
54236
32124
55909
33882
748
7366
27675
16008
47758
67788
14674
2323
28048
73973
18093
66807
66274
29904
66391
74249
10520
44978
47953
56292
44844
66090
56675
23807
44580
30435
67358
51344
41308
15033
2542
17848
3248
18520
49265
27935
62029
67076
70478
50766
76998
14304
8298
7926
28085
26657
7438
52526
62306
75850
40589
29592
63097
23401
79036
54158
26246
64257
75707
63532
122
40139
34807
69671
63261
64778
20935
23071
1823
30824
66513
71938
11557
14152
967
43984
66742
25747
38197
21271
31940
61980
1338
11684
20864
26419
30312
47140
4346
47638
51085
305
10609
65969
23379
20466
45386
54369
56344
27367
32013
76975
16403
21768
55148
32040
42095
48739
6878
30236
71823
38861
33769
16145
68188
31501
23198
2798
26802
7006
1167
58203
55605
8440
30346
14576
63021
32657
69941
61390
36967
32470
78159
41047
37407
47619
5776
28673
33215
3587
65984
13712
13126
22329
45251
17276
6914
5185
57899
33200
5271
63491
72743
58359
18372
35603
16370
16576
16531
20398
67216
62577
77568
13175
13968
31790
33917
42114
58993
11600
11411
39385
79722
56979
19566
16002
2420
57971
67997
19674
7143
13863
4842
28545
55609
74011
56722
52476
36446
934
13053
76105
23452
78634
74399
75645
36008
47833
22954
79224
19560
105
14905
48764
29133
70904
17426
50187
8414
15083
22866
6789
23598
46416
75163
69567
4919
20444
52367
17802
3894
314
54824
36658
31272
22833
23777
66834
39655
46531
11791
21624
36935
74636
16497
76065
26504
9462
70792
63615
41045
78519
26201
31100
55574
9833
28693
15986
74743
3936
62375
7675
3595
54774
49206
31822
14511
19696
22720
44253
50695
2606
48318
75931
637
45064
16462
1930
70923
5855
78404
38557
37251
79770
20602
30
10115
3449
63864
23712
49921
27689
24895
11194
74756
25627
4684
21843
59957
38734
38705
11550
51464
11089
53533
10064
25092
50713
55156
11297
43465
29527
16325
56959
69556
29051
61673
50725
74017
9209
47330
35376
68324
49762
33283
26645
30849
3774
67702
14495
56052
1826
37562
5668
146
44606
9286
18386
11572
50089
61684
61822
24023
10607
28102
39551
20547
16042
54032
35676
31692
21037
22723
19277
52864
2315
35714
44381
79087
70490
18715
3050
11661
28351
46214
7751
42901
77104
50427
25582
27582
67214
55456
30018
40227
51319
50387
46521
32445
48761
9860
13876
12449
19246
76351
20431
6265
64991
10214
15468
28908
18505
77666
70616
984
57228
3837
71628
57473
64528
48911
75047
73294
15449
40617
40860
54831
63574
47386
190
27548
61350
28764
50812
29671
53383
20129
45787
36732
37085
39149
21403
29446
2851
6376
63396
79416
20171
5171
34289
17873
15827
69952
58098
22583
74258
19834
44199
33559
34745
21132
60093
40721
33462
74561
28687
8866
29672
14878
36075
17698
58596
58086
55266
35387
19714
59842
3944
23863
53547
50098
34773
79060
8736
11820
36139
3785
7211
68020
65912
30215
1275
30781
13360
8819
41434
358
603
47933
47860
45498
5941
59462
61008
78443
54883
77757
21864
63084
65226
75551
39570
15131
53402
1063
60411
47191
68288
38464
66418
74579
26714
49827
69600
47070
21029
17335
37273
2598
19505
68540
72724
11512
63945
51694
20770
44100
76580
34709
10691
44223
67305
61765
28632
10080
45241
63291
11729
62284
5718
36848
31986
52669
647
40235
55559
9161
8552
15273
43475
74576
79061
18329
9956
36207
63270
36549
64435
20821
20072
21197
28827
66717
70983
12951
27558
56948
57986
57355
72774
3285
23366
23277
67069
32081
13233
42770
13877
67008
8240
36365
27373
69788
22155
60141
8118
49166
65429
40146
73905
35439
13918
14052
41803
70248
71383
63684
25704
53131
20127
43982
26826
71589
65500
53314
29418
69655
46093
4236
5982
72386
72821
67975
42340
34654
77741
36959
5700
28273
35280
65179
5201
27434
44236
75113
25527
5555
25562
65484
6915
3459
6794
11681
57751
22868
15398
4175
70683
61211
16350
27012
78160
47207
42012
45141
6749
76226
66958
21182
34329
11198
26294
65023
38079
45939
62941
7521
38633
40939
24028
34881
1966
25996
27593
24549
71170
71343
20561
34774
31839
9194
77466
51717
16729
16785
28401
3110
32228
15222
26732
49480
7386
20765
35930
4261
76189
51721
46290
53688
4390
17603
67056
75520
792
35638
20073
4162
14322
71457
16600
48358
20366
34062
17035
39642
57005
28362
12337
26877
26107
20562
16245
22757
36471
725
4580
49470
5107
19328
42127
17891
50023
24006
35440
26804
44050
28642
25469
61308
56441
4063
56226
22248
51010
13366
79589
5007
43624
9909
36971
76781
35625
63254
44216
4090
4891
59419
63779
1869
22811
42416
4525
12597
23404
23658
64798
72202
76549
41835
26659
22528
2992
67946
9083
40863
18886
68754
8428
19437
35772
43248
22909
59954
10865
50865
7453
51533
1306
61449
59041
8763
61517
850
58978
15038
32187
22239
25684
50866
50997
6713
69800
61963
45017
66521
18085
31464
21846
74893
39404
23334
74447
6856
870
67304
79193
75797
52588
46888
2667
58751
14846
22110
772
60516
13458
49150
55460
20810
64072
44484
34664
18682
63453
30477
13130
53246
18252
35952
281
30580
1781
61927
78687
62277
29053
27934
3429
23600
5169
31434
732
20755
62030
31259
29046
73630
11887
47557
57088
39595
32695
58779
46928
73534
72499
3411
69805
79772
41739
72880
66816
54402
20655
26631
1467
3639
70337
63228
26470
584
68722
53869
49304
55447
44274
22958
26700
33599
46382
19794
12950
58866
69937
65159
17290
78765
10739
18527
32354
3267
15501
24172
32799
49527
7880
60431
59857
30219
2991
79482
60054
48895
52885
14981
8892
15945
49858
29942
58435
7250
12181
40343
60065
13899
33340
60838
54466
5617
39619
45732
35782
20307
16301
66749
46343
3642
19215
2952
19752
36950
6195
68056
16558
36612
46696
1963
58057
29709
39694
1924
6925
9535
56020
11523
26663
61015
6838
1510
14169
3969
41992
8302
35747
63594
4876
73590
26918
48017
3573
26772
59429
2491
26406
70760
19330
12365
9177
36812
37197
51925
4512
9670
19817
18041
68224
26695
31490
48901
34929
40433
11118
28768
69387
7944
35332
40349
917
40045
1876
35145
24603
33390
10666
19517
39638
22667
24659
5506
55868
17856
8748
43239
57989
77687
38193
39845
70756
4821
63548
34365
63102
3243
56930
6553
22824
5743
38582
38410
9158
65688
17509
2436
53378
9271
40810
48787
28022
68036
14167
25912
66927
62902
12052
66117
25243
27076
25685
38608
69128
29429
11430
67441
48834
22289
20403
27733
23793
19823
76776
33202
15464
33847
2172
23016
25602
39575
40143
76134
62853
57739
9416
29276
70190
76797
3261
43066
18133
3448
8687
54447
60851
48653
24951
14954
44963
1738
63263
25810
53392
46166
5547
16305
38686
56624
39464
50112
65062
16132
42377
9755
6463
53357
3872
64369
69366
35525
6087
10582
412
31288
41822
23226
2499
79926
58766
1599
28291
12595
52923
58428
77185
34725
32806
53696
21089
8803
33669
66653
55904
78926
19430
72547
43772
38136
59919
24354
2389
70971
30829
30748
37360
63302
42129
61998
53527
36328
22513
2142
69653
535
25231
30300
34951
1022
44822
51389
1515
62297
22687
25068
430
59077
10112
58254
78949
36203
33301
79433
25312
19255
65005
23735
44720
35883
44770
26515
44209
45906
19692
30998
53672
49705
57920
41526
35894
1284
15500
23398
76478
49905
20671
1037
1962
6080
4051
39858
72364
11450
16946
16916
51703
55857
868
24689
70840
43805
26984
31848
37573
6496
6190
3960
33277
38167
61000
67037
49621
33132
1894
69534
39697
52560
34724
54877
61951
72663
11824
74330
61997
4636
74194
11571
23264
21958
57146
8612
36293
9301
79541
30069
41360
55112
10752
35037
39678
62116
34219
7771
24631
40417
30393
26302
41363
74255
37805
37922
38516
23690
1029
19756
52671
7305
16089
3116
44864
3827
35364
65867
2607
14700
9689
7593
53787
72970
71583
511
12833
24885
4264
370
1262
40029
35947
64440
62110
55721
54947
18959
20332
75610
53579
40175
70662
890
74445
18301
38564
53537
34042
38906
36270
54283
32256
74796
23580
26321
11530
3181
38611
32377
76901
34894
10836
41838
11870
17902
54857
53665
10950
6405
37156
60491
33807
24391
54605
50648
33287
22378
3993
8836
6827
78126
61288
73225
69678
27408
57085
13330
51678
41444
19891
10650
55058
646
46971
12702
62744
28323
4297
33891
17129
68872
72977
58068
4203
20100
33774
46209
25974
79447
9331
21393
9509
78869
4248
23589
27360
20645
52030
65235
4887
51420
17231
61742
43230
38094
22550
73483
14991
24162
68691
20163
45029
32612
36885
24528
65883
25868
62506
14139
51676
9272
42034
56211
19734
27670
36180
20907
48395
3204
67171
44879
54530
76813
41791
955
44378
33777
17115
35764
40294
30617
61207
54075
68699
44162
25805
75682
6734
8287
61655
66754
79533
14232
45262
27875
7542
4163
34616
51481
8382
43989
76751
59038
36797
29730
52976
62792
18493
64439
68293
76624
52429
58632
3208
15970
23498
52519
12259
40746
60953
77505
22580
39286
30446
23859
23358
75156
48035
74807
37087
50435
15676
79625
77649
45718
1522
41029
12011
41408
10621
68380
23517
16326
34528
68675
2258
74750
62560
50031
51310
46206
24866
74314
39274
14649
40298
49737
20336
43277
70509
55209
10498
78561
69220
55734
53896
55980
51088
21934
14960
23854
17073
18774
56329
72450
41555
59999
26275
42135
793
48184
72479
71365
58440
26399
54977
27123
54489
63017
7770
62287
39793
13778
37746
37169
21703
32514
40707
49039
39392
70291
33103
6270
975
18395
25298
8672
65102
61327
13068
12889
23749
71113
45353
78879
2183
74373
6747
45198
30190
72568
10644
24692
23525
8131
61598
40668
74290
75916
40903
14787
37018
30438
9131
48208
60434
3180
52341
6095
70765
14486
19661
79334
11918
5435
31706
60226
18232
32552
53805
37881
20580
28167
22439
61933
7069
31416
32020
24237
33544
51297
51430
12139
18487
11739
30232
59053
10543
33581
30079
9172
4145
61383
30326
400
42649
27324
66680
59159
69826
15763
62052
32712
53130
7256
46463
40823
66978
53085
16539
26770
68665
50535
9694
10012
59065
12221
2934
24974
21716
23982
36225
28083
6340
73610
47701
50065
70865
50350
68080
49774
25828
25468
2728
43491
65413
23984
51282
32147
9182
22015
78069
11446
34007
30927
466
55949
38170
11317
23683
73327
47141
3195
76368
69555
25362
65963
33791
79891
50860
75293
4859
58002
28195
48751
16400
19046
35546
66970
33367
15126
7431
49289
77211
25373
56813
32499
23034
67189
59958
55405
11225
51537
31942
32711
27536
17807
28831
52497
75620
69790
563
53393
59320
46716
4769
39460
16169
15799
72975
29452
57982
17521
18587
19547
13146
63601
33385
18976
65519
16076
15311
14207
58458
46706
56395
62368
72856
20741
13240
6174
26453
35444
4844
77245
79028
67524
5199
74218
28275
74519
11957
69039
33076
42708
75902
13666
18678
9041
79147
21114
44277
26476
55002
39123
17148
3638
51415
9370
30660
50646
7276
12700
65250
1050
64265
14942
20749
76462
30071
35701
32412
31185
53102
3608
64660
26818
5750
4766
55773
16154
22828
34889
36755
41182
13602
2224
43568
46550
37986
15789
38601
3958
42706
64163
33372
70848
10567
11065
14603
18340
33077
33648
27857
30294
47950
27668
40216
23640
61527
46711
34831
75358
3874
28078
35622
48821
65189
29578
68162
60484
64857
46222
36525
58819
78749
56172
41644
8888
26952
65554
36857
35788
32288
14063
39405
7127
54797
18730
139
10103
48
16756
60064
11985
59405
49888
50294
71908
9005
38119
1237
31783
78606
27808
73570
40792
44362
44947
41823
50443
42885
30301
40856
31265
10563
38148
20069
66956
59934
43912
55511
79260
38839
76236
77881
23810
6821
62542
3486
45760
57598
73564
74815
8485
16455
51564
51511
23204
39736
48812
28284
16569
22145
19700
10396
34443
18291
6672
4006
17441
17892
49277
50525
22938
73228
19529
36560
2029
11485
42638
39127
4489
18266
63517
36583
10620
59066
26743
58010
64963
52144
46954
55974
18874
36271
30212
33043
23617
66965
69291
1532
78823
9765
70857
14953
45907
42009
71416
47990
74948
13019
44905
6147
34947
12400
9062
14682
3849
22411
66520
9056
55016
15425
16928
6069
49473
43304
14051
78268
12359
57975
73179
70277
22616
36544
17233
58437
76457
5265
8722
28449
52838
26598
48326
57373
55744
77110
11070
54591
1668
52688
6739
50915
76018
37504
47548
4030
40051
21942
41199
34890
39482
4150
296
75653
2518
74766
59721
27871
14975
14687
7087
77049
38331
18482
7906
14231
31815
47243
71363
57643
44873
73923
16621
61524
46545
24019
56193
50596
79967
15442
48544
32196
34543
57630
44943
2990
48012
5709
52729
13568
53794
49214
53432
12918
36867
38078
71038
50674
71698
11667
32877
79641
67005
18138
56081
32859
29189
37110
56491
35123
72028
5779
59313
14490
56196
9808
67403
56279
16410
12953
31206
57976
53814
26539
36183
64045
59238
6465
11726
48991
170
1756
66887
11271
35209
32545
45338
1525
33087
17992
46765
58697
63913
22593
22728
23925
70590
18773
66921
34752
22609
41249
2822
37353
11041
30374
11452
56900
13417
58640
73410
51774
51812
1434
59318
21122
46435
75436
11206
34954
4141
55504
29063
21608
39658
8837
30890
75723
3876
32316
78760
78005
29563
50527
1578
19874
28591
1563
65243
488
3518
28274
22602
20350
46030
23342
73546
72075
54045
79039
4645
59780
20430
24717
67386
68531
59786
18789
45252
3072
37051
33279
7570
6696
76864
27937
60247
43404
12769
5907
36233
62068
33369
49564
35150
71590
1420
17488
16659
49949
61259
26327
23657
39344
42198
56885
9217
68120
19235
8603
79705
35931
31354
78739
24915
41968
79684
74454
10635
75901
68109
42417
70491
78703
36071
66323
39582
29003
35542
12850
36628
12017
6991
15528
4417
47364
56525
8029
31661
69997
35102
72261
37528
5321
66215
1393
71206
71453
27619
11900
68265
64057
31754
6997
31346
37328
4695
52245
29325
48003
69572
50174
