score -> 882
size -> 622
8 15
518 525
847 894
263 289
231 236
339 341
249 262
169 204
995 10
840 846
438 447
114 162
20 27
619 721
469 471
977 12
51 88
543 553
91 94
392 408
183 242
156 157
344 372
511 521
101 105
108 118
661 795
409 470
744 796
797 814
150 153
26 31
44 67
155 195
581 615
475 481
413 415
458 461
837 861
200 243
620 670
665 686
256 386
401 402
813 817
513 617
522 524
856 873
991 993
960 982
424 452
422 444
494 544
703 716
714 735
137 138
270 304
885 929
726 770
740 751
674 701
789 816
72 99
454 455
30 32
394 410
130 133
297 321
259 285
808 858
327 376
49 52
368 383
371 388
144 147
947 953
841 853
765 800
832 912
93 115
182 188
307 318
612 625
801 825
956 988
330 345
482 537
129 134
40 80
407 414
562 571
833 835
443 490
697 705
881 932
199 227
662 675
572 583
891 903
146 151
952 973
336 350
165 173
355 373
915 937
862 872
405 426
36 61
920 943
866 879
664 681
984 6
528 534
760 794
428 464
434 437
911 918
198 238
273 290
109
957 958
547 566
18 124
774 810
47 65
573 609
76 95
459 474
478 492
818 834
805 857
503 517
651 657
375 465
758 769
96 102
338 353
168 172
171 226
365 382
689 695
622 624
495 501
234 250
965 996
684 711
967 2
773 793
125
359 366
838 876
123 126
582 585
930 949
715 753
59 71
266 288
116 128
631 633
577 580
599 601
645
588
4
314
737 763
779
46 55
260
0 37
127
217
22
761
479
806 824
160 163
385 390
57 58
563 579
628 709
261
472
223 271
196
510 607
934 990
244 252
710 759
643 653
590 595
529 545
143 218
28
871 882
78
919 927
294
179
113
497
241
280 331
219
197
83
154
550
802
546
557
969
638
725
416
286
488
567
962
224 246
66 82
771
732
728
723
85 119
637 660
745
248 257
337 343
131 158
161 206
384 432
269 335
608 630
890
484 487
836
214 215
717 720
731 781
187
632 636
300
216
928 961
828 868
676 698
666 668
498 535
897 910
38
145
13
254
50
149
181
211
87
19
320
301
277
387
480
201
468
576
623
247
654
275
329
404
706
367
913
508
287
606
746
555
381
942
11
561
559
23
924
889
775
939
954
5
877
799
867
739
148
34
90
950
994
281
981 64
313
81
364
302
166
964
139
423
92
89
296
370
539
451
467
228
348
450
855
541
457
411
103
485
803
504
433
629
729
679
887
509
644
551
677
756
360
616
648
429
757
777
349
899
755
768
175 185
792
68 69
830
972
704
880
86 117
295 395
191 237
923
466 476
946 968
901 909
782 788
864
548 552
417 419
310 399
963
673 683
974 979
527 542
883 884
685 700
940 941
264 291
500
106
586 589
48
641
21
898 904
202
70
35
265
98
462
635 659
618 634
9
167
208
907
292
463
752 762
389
507
499
532
251
905
736
688
613
305
707
896
530
627
614
594
712
549
391
159
860
936
951
111
456
900
435
584
986
610
845
120
502
926
564 568
393
992
3
516
831
245
25
361
41
272
533
812
554
650
970
870
663
189
436
844
878
743
570
53 54
418 427
820
97 104
512 558
347
944
671
578 587
888
190 207
987
921
998
352
708
598 600
718
60
233
255
398 403
152 180
603 696
496 523
79 84
324 363
306 322
596
267
699 749
798 892
445 449
369
902 916
945 980
142
178
279
719
985 999
221 253
754
421
229
225
400
232
863
604
203
750 783
786
39
29
442
311
815
605
328
886
406
7
440
362
839
483
935
284
597
526
906
473
656
213
852
63
140
62
222
514
978
319
446
177
922
278
299
240
565
184
24
100
827
669
687
849
693
724
193
309
73
396
682
274
931
850
591
346
536
283
593
303
776
315
358
460
439
209
821
640
652
997
1
298
45
865
804
75
239
819
658
560
787
933
356
826
77
713
742
680
332
975
430
925
702
875
453
869
574
807
540
121
136
312
520
823
378
667
733
672
809
380
